//=======================================================
//FACEBOOK: https://www.facebook.com/mukynguyen/
//Zalo + SĐT : 0968092399
//Hỗ Trợ Config Sever Muonline MU KỶ NGUYÊN
//=======================================================
//ColorLine1/2/3: Mã màu của dòng 1 / 2 / 3
//GetText1/2/3	: trỏ vào Text.bmd
//ItemSet: phân biệt đó là set đồ từ Section 0 đến Section 11 ( Vũ khí -> Giầy ) đặt 0. Vật phẩm thì đặt 1
//=====================================================================================================================================================================
//Index		R		G		B		ModelName					ColorLine1	GetText1	ColorLine2	GetText2	ColorLine3	GetText3	ItemSet
47			253		255		119		"Vukhirong1MG"			    	0			-1			0			-1			0			-1           0		//Đao Thiên Tử MG (VKR1)
2596		253		255		119		"Archangelus"					0			-1			0			-1			0			-1           0		//Gậy Thiên Nữ(Cấp 1)
//Chùy King
1048		253		255		119		"MaceOfKing"					0			-1			0			-1			0			-1           0		
//Hộp Chaos (Xanh Lá,Tím,Đỏ)
7223		0		0		0	    "roboxgreen"					12			112			2			2552		0			-1           1
7224		0		0		0	    "roboxred"						12			112			2			2552		0			-1           1
7225		0		0		0	    "roboxpurple"					12			112			2			2552		0			-1           1
//Rương                                                             
7399		0		0		0	    "requitalbox_blue"				12			112			2			2552		0			-1           1
7400		0		0		0	    "requitalbox_orange"			12			112			2			2552		0			-1           1
7401		0		0		0	    "requitalbox_purple"			12			112			2			2552		0			-1           1
7402		0		0		0	    "requitalbox_green"				12			112			2			2552		0			-1           1
7403		0		0		0	    "requitalbox_red"				12			112			2			2552		0			-1           1
//Sách Gọi Boss                                                     
7428		0		0		0	    "SummonScroll"					0			-1			0			-1			0			-1           1
7429		0		0		0	    "SummonScroll"					0			-1			0			-1			0			-1           1
7430		0		0		0	    "SummonScroll"					0			-1			0			-1			0			-1           1
7431		0		0		0	    "SummonScroll"					0			-1			0			-1			0			-1           1
7432		0		0		0	    "SummonScroll"					0			-1			0			-1			0			-1           1
7433		0		0		0	    "SummonScroll"					0			-1			0			-1			0			-1           1
7434    	0		0		0	    "SummonScroll"					0			-1			0			-1			0			-1           1
7435    	0		0		0	    "SummonScroll"					0			-1			0			-1			0			-1           1
//Nguyên Liệu 2.5                                                 
7344		0		0		0	    "DeathKingBone"					3			2546		0			-1			0			-1           1
7345		0		0		0	    "HellMaineLeather"              3			2546		0			-1			0			-1           1
7346		0		0		0	    "DarkPhoenixFlame"              3			2546		0			-1			0			-1           1
7347		0		0		0	    "DeathBeamKnightSoul"           3			2546		0			-1			0			-1           1
//Sét Huyet Long                                              
3661	    0		0		0	    "HelmMaleBloodyDragon"		    0			-1			0			-1			0			-1           0
4173	    0		0		0	    "ArmorMaleBloodyDragon"		    0			-1			0			-1			0			-1           0
4685	    0		0		0	    "PantMaleBloodyDragon"		    0			-1			0			-1			0			-1           0
5709	    0		0		0	    "BootMaleBloodyDragon"		    0			-1			0			-1			0			-1           0
//Túi Đồ Mở Rộng                                                     
7330		0		0		0		"Item14-162"				    3			3997		0			-1			0			-1           1   
7331		0		0		0		"Item14-163"				    3			3998		0			-1			0			-1           1
//Trứng Mun                                                        
7341		0		0		0		"MuunEgg"					    3			3195		2			3981		0			-1           1
//Đồng Wcoin                                                       
7421		0		0		0		"chip5k"					    12			3196		12			3197		0			-1           1
7422		0		0		0		"chip10k"					    12			3196		12			3197		0			-1           1
7423		0		0		0		"chip20k"					    12			3196		12			3197		0			-1           1
7424		0		0		0		"chip50k"					    12			3196		12			3197		0			-1           1
7425		0		0		0		"chip100k"					    12			3196		12			3197		0			-1           1
7426		0		0		0		"chip200k"					    12			3196		12			3197		0			-1           1

7384		010	    010	    010		"spellstone1"					4			3883		2			3981		0			-1           1   //Đá Nâng Cấp[Vũ Khí]
7385		010	    010	    010		"spellstone2"					4			3882		2			3981		0			-1           1   //Đá Nâng Cấp[Trang Bị]	
7386		010	    010	    010		"spellstone3"					4			3884		2			3981		0			-1           1   //Đá Nâng Cấp[Wing]		
////===========================================================================
//Index		R		G		B		ModelName					ColorLine1	GetText1	ColorLine2	GetText2	ColorLine3	GetText3	ItemSet
////===========================================================================
612			150		083		010		    "KiemCustom1"      		    0			-1			0			-1			0			-1           0	  //Kiếm Rồng VIP (1)	
613			70  	70		15			"KiemCustom2"      		    0			-1			0			-1			0			-1           0	  //Kiếm Rồng VIP (2)	
614			70		70		15   		"KiemCustom3"      		    0			-1			0			-1			0			-1           0	  //Kiếm Rồng VIP (3)	
615			70		70		15		    "KiemCustom4"      		    0			-1			0			-1			0			-1           0	  //Kiếm Rồng VIP (4)	
616			30      144     255		    "KiemCustom5"      		    0			-1			0			-1			0			-1           0	  //Kiếm Rồng VIP (5)	
////===========================================================================
1124		150		083		010		"TruongCustom1"		    	    0			-1			0			-1			0			-1           0	//Trượng Rồng VIP (1)
1125		70  	70		15		"TruongCustom2"		            0			-1			0			-1			0			-1           0	//Trượng Rồng VIP (2)
1126		70		70		15		"TruongCustom3"		    	    0			-1			0			-1			0			-1           0	//Trượng Rồng VIP (3)
1127		70		70		15		"TruongCustom4"		    	    0			-1			0			-1			0			-1           0	//Trượng Rồng VIP (4)
1128		30      144     255		"TruongCustom5"		    	    0			-1			0			-1			0			-1           0	//Trượng Rồng VIP (5)
//////===========================================================================
200		    150		083		010		"KiemCustom1"    		        0			-1			0			-1			0			-1           0	//Đao Rồng VIP (1)
201		    70  	70		15		"DaoCustom2"    		        0			-1			0			-1			0			-1           0	//Đao Rồng VIP (2)
202		    70		70		15		"DaoCustom3"    		        0			-1			0			-1			0			-1           0	//Đao Rồng VIP (3)
203		    70		70		15		"DaoCustom4"    		        0			-1			0			-1			0			-1           0	//Đao Rồng VIP (4)
204		    30      144     255		"KiemCustom5"    		        0			-1			0			-1			0			-1           0	//Đao Rồng VIP (5)
////===========================================================================
2660		150		083		010		"GayCustom1"	  		        0			-1			0			-1			0			-1           0	//Gậy Rồng VIP (1)
2661		70  	70		15		"GayCustom2"	  		        0			-1			0			-1			0			-1           0	//Gậy Rồng VIP (2)
2662		70		70		15		"GayCustom3"	  		        0			-1			0			-1			0			-1           0	//Gậy Rồng VIP (3)
2663		70		70		15		"GayCustom4"	  		        0			-1			0			-1			0			-1           0	//Gậy Rồng VIP (4)
2664		30      144     255		"GayCustom5"	  		        0			-1			0			-1			0			-1           0	//Gậy Rồng VIP (5)
//////===========================================================================
3172		150		083		010		"KhienCustom1"		            0			-1			0			-1			0			-1           0	//Khiên Rồng VIP (1)
3173		70  	70		15		"KhienCustom2"		            0			-1			0			-1			0			-1           0	//Khiên Rồng VIP (2)
3174		70		70		15		"KhienCustom3"		            0			-1			0			-1			0			-1           0	//Khiên Rồng VIP (3)
3175		70		70		15		"KhienCustom4"		            0			-1			0			-1			0			-1           0	//Khiên Rồng VIP (4)
3176		30      144     255		"KhienCustom5"		            0			-1			0			-1			0			-1           0	//Khiên Rồng VIP (5)
////===========================================================================
//Index		R		G		B		ModelName					ColorLine1	GetText1	ColorLine2	GetText2	ColorLine3	GetText3	ItemSet
////Set Custom 1
3684		127		127		127		"MuVipCap1"                    0			-1			0			-1			0			-1           0	
4196		127		127		127		"AoVipCap1"                    0			-1			0			-1			0			-1           0	
4708		127		127		127		"QuanVipCap1"                  0			-1			0			-1			0			-1           0	
5220		127		127		127		"GangVipCap1"                  0			-1			0			-1			0			-1           0	
5732		127		127		127		"GiayVipCap1"                  0			-1			0			-1			0			-1           0	

3685		127		031		015		"MuVipCap2"                    0			-1			0			-1			0			-1           0	
4197		127		031		015		"AoVipCap2"                    0			-1			0			-1			0			-1           0	
4709		127		031		015		"QuanVipCap2"                  0			-1			0			-1			0			-1           0	
5221		127		031		015		"GangVipCap2"                  0			-1			0			-1			0			-1           0	
5733		127		031		015		"GiayVipCap2"                  0			-1			0			-1			0			-1           0	

3686		127		053		004		"MuVipCap3"                    0			-1			0			-1			0			-1           0	
4198		127		053		004		"AoVipCap3"                    0			-1			0			-1			0			-1           0	
4710		127		053		004		"QuanVipCap3"                  0			-1			0			-1			0			-1           0	
5222		127		053		004		"GangVipCap3"                  0			-1			0			-1			0			-1           0	
5734		127		053		004		"GiayVipCap3"                  0			-1			0			-1			0			-1           0	

3687		010		078		183		"MuVipCap4"                    0			-1			0			-1			0			-1           0	
4199		010		078		183		"AoVipCap4"                    0			-1			0			-1			0			-1           0	
4711		010		078		183		"QuanVipCap4"                  0			-1			0			-1			0			-1           0	
5223		010		078		183		"GangVipCap4"                  0			-1			0			-1			0			-1           0	
5735		010		078		183		"GiayVipCap4"                  0			-1			0			-1			0			-1           0	

3688		30      144     255		"MuVipCap5"                    0			-1			0			-1			0			-1           0	
4200		30      144     255		"AoVipCap5"                    0			-1			0			-1			0			-1           0	
4712		30      144     255		"QuanVipCap5"                  0			-1			0			-1			0			-1           0	
5224		30      144     255		"GangVipCap5"                  0			-1			0			-1			0			-1           0	
5736		30      144     255		"GiayVipCap5"                  0			-1			0			-1			0			-1           0	

3689		053		032		003		"MuVipCap6"                    0			-1			0			-1			0			-1           0	
4201		053		032		003		"AoVipCap6"                    0			-1			0			-1			0			-1           0	
4713		053		032		003		"QuanVipCap6"                  0			-1			0			-1			0			-1           0	
5225		053		032		003		"GangVipCap6"                  0			-1			0			-1			0			-1           0	
5737		053		032		003		"GiayVipCap6"                  0			-1			0			-1			0			-1           0	

3690		170     19      240		"MuVipCap7"                    0			-1			0			-1			0			-1           0	
4202		170     19      240		"AoVipCap7"                    0			-1			0			-1			0			-1           0	
4714		170     19      240		"QuanVipCap7"                  0			-1			0			-1			0			-1           0	
5226		170     19      240		"GangVipCap7"                  0			-1			0			-1			0			-1           0	
5738		170     19      240		"GiayVipCap7"                  0			-1			0			-1			0			-1           0	

3691		085		053		102		"MuVipCap8"                    0			-1			0			-1			0			-1           0	
4203		085		053		102		"AoVipCap8"                    0			-1			0			-1			0			-1           0	
4715		085		053		102		"QuanVipCap8"                  0			-1			0			-1			0			-1           0	
5227		085		053		102		"GangVipCap8"                  0			-1			0			-1			0			-1           0	
5739		085		053		102		"GiayVipCap8"                  0			-1			0			-1			0			-1           0	

3692		053		032		003		"MuVipCap9"                    0			-1			0			-1			0			-1           0	
4204		053		032		003		"AoVipCap9"                    0			-1			0			-1			0			-1           0	
4716		053		032		003		"QuanVipCap9"                  0			-1			0			-1			0			-1           0	
5228		053		032		003		"GangVipCap9"                  0			-1			0			-1			0			-1           0	
5740		053		032		003		"GiayVipCap9"                  0			-1			0			-1			0			-1           0	

3693		116		086		032		"MuVipCap10"                   0			-1			0			-1			0			-1           0	
4205		116		086		032		"AoVipCap10"                   0			-1			0			-1			0			-1           0	
4717		116		086		032		"QuanVipCap10"                 0			-1			0			-1			0			-1           0	
5229		116		086		032		"GangVipCap10"                 0			-1			0			-1			0			-1           0	
5741		116		086		032		"GiayVipCap10"                 0			-1			0			-1			0			-1           0	

3694		053		084		112		"MuVipCap11"                   0			-1			0			-1			0			-1           0	
4206		053		084		112		"AoVipCap11"                   0			-1			0			-1			0			-1           0	
4718		053		084		112		"QuanVipCap11"                 0			-1			0			-1			0			-1           0	
5230		053		084		112		"GangVipCap11"                 0			-1			0			-1			0			-1           0	
5742		053		084		112		"GiayVipCap11"                 0			-1			0			-1			0			-1           0	

3695		088		022		023		"MuVipCap12"                   0			-1			0			-1			0			-1           0	
4207		088		022		023		"AoVipCap12"                   0			-1			0			-1			0			-1           0	
4719		088		022		023		"QuanVipCap12"                 0			-1			0			-1			0			-1           0	
5231		088		022		023		"GangVipCap12"                 0			-1			0			-1			0			-1           0	
5743		088		022		023		"GiayVipCap12"                 0			-1			0			-1			0			-1           0	

3696		045		012		007		"MuVipCap13"                   0			-1			0			-1			0			-1           0	
4208		045		012		007		"AoVipCap13"                   0			-1			0			-1			0			-1           0	
4720		045		012		007		"QuanVipCap13"                 0			-1			0			-1			0			-1           0	
5232		045		012		007		"GangVipCap13"                 0			-1			0			-1			0			-1           0	
5744		045		012		007		"GiayVipCap13"                 0			-1			0			-1			0			-1           0	

3697		047		052		136		"MuVipCap14"                   0			-1			0			-1			0			-1           0	
4209		047		052		136		"AoVipCap14"                   0			-1			0			-1			0			-1           0	
4721		047		052		136		"QuanVipCap14"                 0			-1			0			-1			0			-1           0	
5233		047		052		136		"GangVipCap14"                 0			-1			0			-1			0			-1           0	
5745		047		052		136		"GiayVipCap14"                 0			-1			0			-1			0			-1           0	

3698		104		013		010		"MuVipCap15"                   0			-1			0			-1			0			-1           0	
4210		104		013		010		"AoVipCap15"                   0			-1			0			-1			0			-1           0	
4722		104		013		010		"QuanVipCap15"                 0			-1			0			-1			0			-1           0	
5234		104		013		010		"GangVipCap15"                 0			-1			0			-1			0			-1           0	
5746		104		013		010		"GiayVipCap15"                 0			-1			0			-1			0			-1           0	

3699		070		029		131		"MuVipCap16"                   0			-1			0			-1			0			-1           0	
4211		070		029		131		"AoVipCap16"                   0			-1			0			-1			0			-1           0	
4723		070		029		131		"QuanVipCap16"                 0			-1			0			-1			0			-1           0	
5235		070		029		131		"GangVipCap16"                 0			-1			0			-1			0			-1           0	
5747		070		029		131		"GiayVipCap16"                 0			-1			0			-1			0			-1           0	

3700		083		055		052		"MuVipCap17"                   0			-1			0			-1			0			-1           0	
4212		083		055		052		"AoVipCap17"                   0			-1			0			-1			0			-1           0	
4724		083		055		052		"QuanVipCap17"                 0			-1			0			-1			0			-1           0	
5236		083		055		052		"GangVipCap17"                 0			-1			0			-1			0			-1           0	
5748		083		055		052		"GiayVipCap17"                 0			-1			0			-1			0			-1           0	

3701		131		018		024		"MuVipCap18"                   0			-1			0			-1			0			-1           0	
4213		131		018		024		"AoVipCap18"                   0			-1			0			-1			0			-1           0	
4725		131		018		024		"QuanVipCap18"                 0			-1			0			-1			0			-1           0	
5237		131		018		024		"GangVipCap18"                 0			-1			0			-1			0			-1           0	
5749		131		018		024		"GiayVipCap18"                 0			-1			0			-1			0			-1           0	

3702		167		049		019		"MuVipCap19"                   0			-1			0			-1			0			-1           0	
4214		167		049		019		"AoVipCap19"                   0			-1			0			-1			0			-1           0	
4726		167		049		019		"QuanVipCap19"                 0			-1			0			-1			0			-1           0	
5238		167		049		019		"GangVipCap19"                 0			-1			0			-1			0			-1           0	
5750		167		049		019		"GiayVipCap19"                 0			-1			0			-1			0			-1           0	

3703		050		053		116		"MuVipCap20"                   0			-1			0			-1			0			-1           0	
4215		050		053		116		"AoVipCap20"                   0			-1			0			-1			0			-1           0	
4727		050		053		116		"QuanVipCap20"                 0			-1			0			-1			0			-1           0	
5239		050		053		116		"GangVipCap20"                 0			-1			0			-1			0			-1           0	
5751		050		053		116		"GiayVipCap20"                 0			-1			0			-1			0			-1           0	

3704		138		051		008		"MuVipCap21"                   0			-1			0			-1			0			-1           0	
4216		138		051		008		"AoVipCap21"                   0			-1			0			-1			0			-1           0	
4728		138		051		008		"QuanVipCap21"                 0			-1			0			-1			0			-1           0	
5240		138		051		008		"GangVipCap21"                 0			-1			0			-1			0			-1           0	
5752		138		051		008		"GiayVipCap21"                 0			-1			0			-1			0			-1           0	

3705		014		071		129		"MuVipCap22"                   0			-1			0			-1			0			-1           0	
4217		014		071		129		"AoVipCap22"                   0			-1			0			-1			0			-1           0	
4729		014		071		129		"QuanVipCap22"                 0			-1			0			-1			0			-1           0	
5241		014		071		129		"GangVipCap22"                 0			-1			0			-1			0			-1           0	
5753		014		071		129		"GiayVipCap22"                 0			-1			0			-1			0			-1           0	

3706		080		079		077		"MuVipCap23"                   0			-1			0			-1			0			-1           0	
4218		080		079		077		"AoVipCap23"                   0			-1			0			-1			0			-1           0	
4730		080		079		077		"QuanVipCap23"                 0			-1			0			-1			0			-1           0	
5242		080		079		077		"GangVipCap23"                 0			-1			0			-1			0			-1           0	
5754		080		079		077		"GiayVipCap23"                 0			-1			0			-1			0			-1           0	

3707		018		075		144		"MuVipCap24"                   0			-1			0			-1			0			-1           0	
4219		018		075		144		"AoVipCap24"                   0			-1			0			-1			0			-1           0	
4731		018		075		144		"QuanVipCap24"                 0			-1			0			-1			0			-1           0	
5243		018		075		144		"GangVipCap24"                 0			-1			0			-1			0			-1           0	
5755		018		075		144		"GiayVipCap24"                 0			-1			0			-1			0			-1           0	

3708		117		044		029		"MuVipCap25"                   0			-1			0			-1			0			-1           0	
4220		117		044		029		"AoVipCap25"                   0			-1			0			-1			0			-1           0	
4732		117		044		029		"QuanVipCap25"                 0			-1			0			-1			0			-1           0	
5244		117		044		029		"GangVipCap25"                 0			-1			0			-1			0			-1           0	
5756		117		044		029		"GiayVipCap25"                 0			-1			0			-1			0			-1           0	

3709		029		079		030		"MuVipCap26"                   0			-1			0			-1			0			-1           0	
4221		029		079		030		"AoVipCap26"                   0			-1			0			-1			0			-1           0	
4733		029		079		030		"QuanVipCap26"                 0			-1			0			-1			0			-1           0	
5245		029		079		030		"GangVipCap26"                 0			-1			0			-1			0			-1           0	
5757		029		079		030		"GiayVipCap26"                 0			-1			0			-1			0			-1           0	

3710		023		019		018		"MuVipCap27"                   0			-1			0			-1			0			-1           0	
4222		023		019		018		"AoVipCap27"                   0			-1			0			-1			0			-1           0	
4734		023		019		018		"QuanVipCap27"                 0			-1			0			-1			0			-1           0	
5246		023		019		018		"GangVipCap27"                 0			-1			0			-1			0			-1           0	
5758		023		019		018		"GiayVipCap27"                 0			-1			0			-1			0			-1           0	

3711		006		100		125		"MuVipCap28"                   0			-1			0			-1			0			-1           0	
4223		006		100		125		"AoVipCap28"                   0			-1			0			-1			0			-1           0	
4735		006		100		125		"QuanVipCap28"                 0			-1			0			-1			0			-1           0	
5247		006		100		125		"GangVipCap28"                 0			-1			0			-1			0			-1           0	
5759		006		100		125		"GiayVipCap28"                 0			-1			0			-1			0			-1           0	

3712		150		083		010		"MuVipCap29"                   0			-1			0			-1			0			-1           0	
4224		150		083		010		"AoVipCap29"                   0			-1			0			-1			0			-1           0	
4736		150		083		010		"QuanVipCap29"                 0			-1			0			-1			0			-1           0	
5248		150		083		010		"GangVipCap29"                 0			-1			0			-1			0			-1           0	
5760		150		083		010		"GiayVipCap29"                 0			-1			0			-1			0			-1           0	

3713		019		040		043		"MuVipCap30"                   0			-1			0			-1			0			-1           0	
4225		019		040		043		"AoVipCap30"                   0			-1			0			-1			0			-1           0	
4737		019		040		043		"QuanVipCap30"                 0			-1			0			-1			0			-1           0	
5249		019		040		043		"GangVipCap30"                 0			-1			0			-1			0			-1           0	
5761		019		040		043		"GiayVipCap30"                 0			-1			0			-1			0			-1           0	
//=====================================
end