//=================================================================================================================
//					FACEBOOK: https://www.facebook.com/mukynguyen/
//					Zalo + SĐT : BQT MU KỶ NGUYÊN
//					Name : MU KỶ NGUYÊN
//=======Cung Cấp Sever Mu Online========
//-Phiên Bản
//+DLL Clasic Cutsom Có Đủ
//+5.2 FPS 120 Siêu Mượt
//======Hỗ Trợ=========
//+Config Sever Theo Ý Muốn
//+Dịch Vụ VPS Hosting Tên Miền Antihack
//=================================================================================================================
//Class    = 0,1,2	DW,SM,GM
//	   = 16,17,18	DK,BK,BM
//	   = 32,33,34	Elf,ME,HE
//	   = 48,49,50	MG,DM
//	   = 64,65,66	DL,LE
//	   = 80,81,82	SU,BS,DS
//	   = 83 84 RF

//BotPet Items
//Slot:
//0 = Weapon
//1 = Shield
//2 = Helm
//3 = Armor
//4 = Pants
//5 = Gloves
//6 = Boots
//7 = Wings
//8 = Pet
//======================================================================================
//BotIndex		Class		OnlyVip		Name				Map		X		Y		Dir
1
// BotIndex  Class  Rank  Name  Map  X  Y  Dir
    0          2          0 "Bls01"                   0      133     100      0
    1         18          1 "Life02"                  0      167     100      1
    2         34          2 "Har03"                   0      135     106      2
    3         82          3 "Soc04"                   0      123     108      3
    4         66          4 "Con05"                   0      145     108      4
    5          2          5 "Sto06"                   0      129     110      5
    6         18          6 "Lvl07"                   0      151     110      6
    7         34          7 "Per08"                   0      119     112      7
    8         82          8 "Ele09"                   0      125     114      0
    9         66          9 "Mol10"                   0      133     114      1
   10          2         10 "Bls11"                   0      141     114      2
   11         18         11 "Life12"                  0      113     116      3
   12         34         12 "Har13"                   0      149     116      4
   13         82         13 "Soc14"                   0      121     118      5
   14         66         14 "Con15"                   0      129     118      6
   15          2         15 "Sto16"                   0      137     118      7
   16         18         16 "Lvl17"                   0      143     120      0
   17         34         17 "Per18"                   0      153     120      1
   18         82         18 "Ele19"                   0      115     122      2
   19         66         19 "Mol20"                   0      133     122      3
   20          2         20 "Bls21"                   0      123     124      4
   21         18         21 "Life22"                  0      139     124      5
   22         34         22 "Har23"                   0      105     126      6
   23         82         23 "Soc24"                   0      145     126      7
   24         66         24 "Con25"                   0      155     126      0
   25          2         25 "Sto26"                   0      163     126      1
   26         18         26 "Lvl27"                   0      111     128      2
   27         34         27 "Per28"                   0      119     128      3
   28         82         28 "Ele29"                   0      131     128      4
   29         66         29 "Mol30"                   0      169     128      5
   30          2         30 "Bls31"                   0      125     130      6
   31         18         31 "Life32"                  0      137     130      7
   32         34         32 "Har33"                   0      151     130      0
   33         82         33 "Soc34"                   0      115     132      1
   34         66         34 "Con35"                   0      143     132      2
   35          2         35 "Sto36"                   0      133     134      3
   36         18         36 "Lvl37"                   0      119     136      4
   37         34         37 "Per38"                   0      139     136      5
   38         82         38 "Ele39"                   0      147     136      6
   39         66         39 "Mol40"                   0      113     138      7
   40          2          0 "Bls41"                   0      125     138      0
   41         18          1 "Life42"                  0      153     138      1
   42         34          2 "Har43"                   0      131     140      2
   43         82          3 "Soc44"                   0      117     142      3
   44         66          4 "Con45"                   0      137     142      4
   45          2          5 "Sto46"                   0      149     142      5
   46         18          6 "Lvl47"                   0      123     144      6
   47         34          7 "Per48"                   0      143     144      7
   48         82          8 "Ele49"                   0      133     146      0
   49         66          9 "Mol50"                   0      169     146      1
end
2
// BotIndex Slot ItemType ItemIndex Level Option
    0     0        5         0       9        7
    0     1        6         0       9        7
    0     2        7         2       9        7
    0     3        8         2       9        7
    0     4        9         2       9        7
    0     5       10         2       9        7
    0     6       11         2       9        7
    0     7       12         2       0        7
    0     8       13         0       9        7
    1     0        0         2       9        7
    1     1        6         0       9        7
    1     2        7         0       9        7
    1     3        8         0       9        7
    1     4        9         0       9        7
    1     5       10         0       9        7
    1     6       11         0       9        7
    1     7       12         1       0        7
    1     8       13         0       9        7
    2     0        4         0       9        7
    2     1        4         7       9        7
    2     2        7         5       9        7
    2     3        8         5       9        7
    2     4        9         5       9        7
    2     5       10         5       9        7
    2     6       11         5       9        7
    2     7       12         0       0        7
    2     8       13         0       9        7
    3     0        5         0       9        7
    3     1        6         0       9        7
    3     2        7         3       9        7
    3     3        8         3       9        7
    3     4        9         3       9        7
    3     5       10         3       9        7
    3     6       11         3       9        7
    3     7       12         2       0        7
    3     8       13         0       9        7
    4     0        0         2       9        7
    4     1        6         0       9        7
    4     2        7         0       9        7
    4     3        8         0       9        7
    4     4        9         0       9        7
    4     5       10         0       9        7
    4     6       11         0       9        7
    4     7       12         1       0        7
    4     8       13         0       9        7
    5     0        5         0       9        7
    5     1        6         0       9        7
    5     2        7         2       9        7
    5     3        8         2       9        7
    5     4        9         2       9        7
    5     5       10         2       9        7
    5     6       11         2       9        7
    5     7       12         2       0        7
    5     8       13         0       9        7
    6     0        0         2       9        7
    6     1        6         0       9        7
    6     2        7         0       9        7
    6     3        8         0       9        7
    6     4        9         0       9        7
    6     5       10         0       9        7
    6     6       11         0       9        7
    6     7       12         1       0        7
    6     8       13         0       9        7
    7     0        4         0       9        7
    7     1        4         7       9        7
    7     2        7         5       9        7
    7     3        8         5       9        7
    7     4        9         5       9        7
    7     5       10         5       9        7
    7     6       11         5       9        7
    7     7       12         0       0        7
    7     8       13         0       9        7
    8     0        5         0       9        7
    8     1        6         0       9        7
    8     2        7         3       9        7
    8     3        8         3       9        7
    8     4        9         3       9        7
    8     5       10         3       9        7
    8     6       11         3       9        7
    8     7       12         2       0        7
    8     8       13         0       9        7
    9     0        0         2       9        7
    9     1        6         0       9        7
    9     2        7         0       9        7
    9     3        8         0       9        7
    9     4        9         0       9        7
    9     5       10         0       9        7
    9     6       11         0       9        7
    9     7       12         1       0        7
    9     8       13         0       9        7
   10     0        5         0       9        7
   10     1        6         0       9        7
   10     2        7         2       9        7
   10     3        8         2       9        7
   10     4        9         2       9        7
   10     5       10         2       9        7
   10     6       11         2       9        7
   10     7       12         2       0        7
   10     8       13         0       9        7
   11     0        0         2       9        7
   11     1        6         0       9        7
   11     2        7         0       9        7
   11     3        8         0       9        7
   11     4        9         0       9        7
   11     5       10         0       9        7
   11     6       11         0       9        7
   11     7       12         1       0        7
   11     8       13         0       9        7
   12     0        4         0       9        7
   12     1        4         7       9        7
   12     2        7         5       9        7
   12     3        8         5       9        7
   12     4        9         5       9        7
   12     5       10         5       9        7
   12     6       11         5       9        7
   12     7       12         0       0        7
   12     8       13         0       9        7
   13     0        5         0       9        7
   13     1        6         0       9        7
   13     2        7         3       9        7
   13     3        8         3       9        7
   13     4        9         3       9        7
   13     5       10         3       9        7
   13     6       11         3       9        7
   13     7       12         2       0        7
   13     8       13         0       9        7
   14     0        0         2       9        7
   14     1        6         0       9        7
   14     2        7         0       9        7
   14     3        8         0       9        7
   14     4        9         0       9        7
   14     5       10         0       9        7
   14     6       11         0       9        7
   14     7       12         1       0        7
   14     8       13         0       9        7
   15     0        5         0       9        7
   15     1        6         0       9        7
   15     2        7         2       9        7
   15     3        8         2       9        7
   15     4        9         2       9        7
   15     5       10         2       9        7
   15     6       11         2       9        7
   15     7       12         2       0        7
   15     8       13         0       9        7
   16     0        0         2       9        7
   16     1        6         0       9        7
   16     2        7         0       9        7
   16     3        8         0       9        7
   16     4        9         0       9        7
   16     5       10         0       9        7
   16     6       11         0       9        7
   16     7       12         1       0        7
   16     8       13         0       9        7
   17     0        4         0       9        7
   17     1        4         7       9        7
   17     2        7         5       9        7
   17     3        8         5       9        7
   17     4        9         5       9        7
   17     5       10         5       9        7
   17     6       11         5       9        7
   17     7       12         0       0        7
   17     8       13         0       9        7
   18     0        5         0       9        7
   18     1        6         0       9        7
   18     2        7         3       9        7
   18     3        8         3       9        7
   18     4        9         3       9        7
   18     5       10         3       9        7
   18     6       11         3       9        7
   18     7       12         2       0        7
   18     8       13         0       9        7
   19     0        0         2       9        7
   19     1        6         0       9        7
   19     2        7         0       9        7
   19     3        8         0       9        7
   19     4        9         0       9        7
   19     5       10         0       9        7
   19     6       11         0       9        7
   19     7       12         1       0        7
   19     8       13         0       9        7
   20     0        5         0       9        7
   20     1        6         0       9        7
   20     2        7         2       9        7
   20     3        8         2       9        7
   20     4        9         2       9        7
   20     5       10         2       9        7
   20     6       11         2       9        7
   20     7       12         2       0        7
   20     8       13         0       9        7
   21     0        0         2       9        7
   21     1        6         0       9        7
   21     2        7         0       9        7
   21     3        8         0       9        7
   21     4        9         0       9        7
   21     5       10         0       9        7
   21     6       11         0       9        7
   21     7       12         1       0        7
   21     8       13         0       9        7
   22     0        4         0       9        7
   22     1        4         7       9        7
   22     2        7         5       9        7
   22     3        8         5       9        7
   22     4        9         5       9        7
   22     5       10         5       9        7
   22     6       11         5       9        7
   22     7       12         0       0        7
   22     8       13         0       9        7
   23     0        5         0       9        7
   23     1        6         0       9        7
   23     2        7         3       9        7
   23     3        8         3       9        7
   23     4        9         3       9        7
   23     5       10         3       9        7
   23     6       11         3       9        7
   23     7       12         2       0        7
   23     8       13         0       9        7
   24     0        0         2       9        7
   24     1        6         0       9        7
   24     2        7         0       9        7
   24     3        8         0       9        7
   24     4        9         0       9        7
   24     5       10         0       9        7
   24     6       11         0       9        7
   24     7       12         1       0        7
   24     8       13         0       9        7
   25     0        5         0       9        7
   25     1        6         0       9        7
   25     2        7         2       9        7
   25     3        8         2       9        7
   25     4        9         2       9        7
   25     5       10         2       9        7
   25     6       11         2       9        7
   25     7       12         2       0        7
   25     8       13         0       9        7
   26     0        0         2       9        7
   26     1        6         0       9        7
   26     2        7         0       9        7
   26     3        8         0       9        7
   26     4        9         0       9        7
   26     5       10         0       9        7
   26     6       11         0       9        7
   26     7       12         1       0        7
   26     8       13         0       9        7
   27     0        4         0       9        7
   27     1        4         7       9        7
   27     2        7         5       9        7
   27     3        8         5       9        7
   27     4        9         5       9        7
   27     5       10         5       9        7
   27     6       11         5       9        7
   27     7       12         0       0        7
   27     8       13         0       9        7
   28     0        5         0       9        7
   28     1        6         0       9        7
   28     2        7         3       9        7
   28     3        8         3       9        7
   28     4        9         3       9        7
   28     5       10         3       9        7
   28     6       11         3       9        7
   28     7       12         2       0        7
   28     8       13         0       9        7
   29     0        0         2       9        7
   29     1        6         0       9        7
   29     2        7         0       9        7
   29     3        8         0       9        7
   29     4        9         0       9        7
   29     5       10         0       9        7
   29     6       11         0       9        7
   29     7       12         1       0        7
   29     8       13         0       9        7
   30     0        5         0       9        7
   30     1        6         0       9        7
   30     2        7         2       9        7
   30     3        8         2       9        7
   30     4        9         2       9        7
   30     5       10         2       9        7
   30     6       11         2       9        7
   30     7       12         2       0        7
   30     8       13         0       9        7
   31     0        0         2       9        7
   31     1        6         0       9        7
   31     2        7         0       9        7
   31     3        8         0       9        7
   31     4        9         0       9        7
   31     5       10         0       9        7
   31     6       11         0       9        7
   31     7       12         1       0        7
   31     8       13         0       9        7
   32     0        4         0       9        7
   32     1        4         7       9        7
   32     2        7         5       9        7
   32     3        8         5       9        7
   32     4        9         5       9        7
   32     5       10         5       9        7
   32     6       11         5       9        7
   32     7       12         0       0        7
   32     8       13         0       9        7
   33     0        5         0       9        7
   33     1        6         0       9        7
   33     2        7         3       9        7
   33     3        8         3       9        7
   33     4        9         3       9        7
   33     5       10         3       9        7
   33     6       11         3       9        7
   33     7       12         2       0        7
   33     8       13         0       9        7
   34     0        0         2       9        7
   34     1        6         0       9        7
   34     2        7         0       9        7
   34     3        8         0       9        7
   34     4        9         0       9        7
   34     5       10         0       9        7
   34     6       11         0       9        7
   34     7       12         1       0        7
   34     8       13         0       9        7
   35     0        5         0       9        7
   35     1        6         0       9        7
   35     2        7         2       9        7
   35     3        8         2       9        7
   35     4        9         2       9        7
   35     5       10         2       9        7
   35     6       11         2       9        7
   35     7       12         2       0        7
   35     8       13         0       9        7
   36     0        0         2       9        7
   36     1        6         0       9        7
   36     2        7         0       9        7
   36     3        8         0       9        7
   36     4        9         0       9        7
   36     5       10         0       9        7
   36     6       11         0       9        7
   36     7       12         1       0        7
   36     8       13         0       9        7
   37     0        4         0       9        7
   37     1        4         7       9        7
   37     2        7         5       9        7
   37     3        8         5       9        7
   37     4        9         5       9        7
   37     5       10         5       9        7
   37     6       11         5       9        7
   37     7       12         0       0        7
   37     8       13         0       9        7
   38     0        5         0       9        7
   38     1        6         0       9        7
   38     2        7         3       9        7
   38     3        8         3       9        7
   38     4        9         3       9        7
   38     5       10         3       9        7
   38     6       11         3       9        7
   38     7       12         2       0        7
   38     8       13         0       9        7
   39     0        0         2       9        7
   39     1        6         0       9        7
   39     2        7         0       9        7
   39     3        8         0       9        7
   39     4        9         0       9        7
   39     5       10         0       9        7
   39     6       11         0       9        7
   39     7       12         1       0        7
   39     8       13         0       9        7
   40     0        5         0       9        7
   40     1        6         0       9        7
   40     2        7         2       9        7
   40     3        8         2       9        7
   40     4        9         2       9        7
   40     5       10         2       9        7
   40     6       11         2       9        7
   40     7       12         2       0        7
   40     8       13         0       9        7
   41     0        0         2       9        7
   41     1        6         0       9        7
   41     2        7         0       9        7
   41     3        8         0       9        7
   41     4        9         0       9        7
   41     5       10         0       9        7
   41     6       11         0       9        7
   41     7       12         1       0        7
   41     8       13         0       9        7
   42     0        4         0       9        7
   42     1        4         7       9        7
   42     2        7         5       9        7
   42     3        8         5       9        7
   42     4        9         5       9        7
   42     5       10         5       9        7
   42     6       11         5       9        7
   42     7       12         0       0        7
   42     8       13         0       9        7
   43     0        5         0       9        7
   43     1        6         0       9        7
   43     2        7         3       9        7
   43     3        8         3       9        7
   43     4        9         3       9        7
   43     5       10         3       9        7
   43     6       11         3       9        7
   43     7       12         2       0        7
   43     8       13         0       9        7
   44     0        0         2       9        7
   44     1        6         0       9        7
   44     2        7         0       9        7
   44     3        8         0       9        7
   44     4        9         0       9        7
   44     5       10         0       9        7
   44     6       11         0       9        7
   44     7       12         1       0        7
   44     8       13         0       9        7
   45     0        5         0       9        7
   45     1        6         0       9        7
   45     2        7         2       9        7
   45     3        8         2       9        7
   45     4        9         2       9        7
   45     5       10         2       9        7
   45     6       11         2       9        7
   45     7       12         2       0        7
   45     8       13         0       9        7
   46     0        0         2       9        7
   46     1        6         0       9        7
   46     2        7         0       9        7
   46     3        8         0       9        7
   46     4        9         0       9        7
   46     5       10         0       9        7
   46     6       11         0       9        7
   46     7       12         1       0        7
   46     8       13         0       9        7
   47     0        4         0       9        7
   47     1        4         7       9        7
   47     2        7         5       9        7
   47     3        8         5       9        7
   47     4        9         5       9        7
   47     5       10         5       9        7
   47     6       11         5       9        7
   47     7       12         0       0        7
   47     8       13         0       9        7
   48     0        5         0       9        7
   48     1        6         0       9        7
   48     2        7         3       9        7
   48     3        8         3       9        7
   48     4        9         3       9        7
   48     5       10         3       9        7
   48     6       11         3       9        7
   48     7       12         2       0        7
   48     8       13         0       9        7
   49     0        0         2       9        7
   49     1        6         0       9        7
   49     2        7         0       9        7
   49     3        8         0       9        7
   49     4        9         0       9        7
   49     5       10         0       9        7
   49     6       11         0       9        7
   49     7       12         1       0        7
   49     8       13         0       9        7
end
3
// BotIndex  ShopTitle
    0           "BAN NGOC BLESS"
    1           "BAN LIFE CREATION"
    2           "BAN DA NGUYEN LIEU"
    3           "BAN NGOC SOCKET"
    4           "NGUYEN LIEU WING"
    5           "DA NANG CAP DO"
    6           "NGOC NANG CAO"
    7           "NGOC HOAN HAO"
    8           "NGUYEN TO SOCKET"
    9           "KHUON EP DO"
    10          "BAN NGOC BLESS"
    11          "BAN LIFE CREATION"
    12          "BAN DA NGUYEN LIEU"
    13          "BAN NGOC SOCKET"
    14          "NGUYEN LIEU WING"
    15          "DA NANG CAP DO"
    16          "NGOC NANG CAO"
    17          "NGOC HOAN HAO"
    18          "NGUYEN TO SOCKET"
    19          "KHUON EP DO"
    20          "BAN NGOC BLESS"
    21          "BAN LIFE CREATION"
    22          "BAN DA NGUYEN LIEU"
    23          "BAN NGOC SOCKET"
    24          "NGUYEN LIEU WING"
    25          "DA NANG CAP DO"
    26          "NGOC NANG CAO"
    27          "NGOC HOAN HAO"
    28          "NGUYEN TO SOCKET"
    29          "KHUON EP DO"
    30          "BAN NGOC BLESS"
    31          "BAN LIFE CREATION"
    32          "BAN DA NGUYEN LIEU"
    33          "BAN NGOC SOCKET"
    34          "NGUYEN LIEU WING"
    35          "DA NANG CAP DO"
    36          "NGOC NANG CAO"
    37          "NGOC HOAN HAO"
    38          "NGUYEN TO SOCKET"
    39          "KHUON EP DO"
    40          "BAN NGOC BLESS"
    41          "BAN LIFE CREATION"
    42          "BAN DA NGUYEN LIEU"
    43          "BAN NGOC SOCKET"
    44          "NGUYEN LIEU WING"
    45          "DA NANG CAP DO"
    46          "NGOC NANG CAO"
    47          "NGOC HOAN HAO"
    48          "NGUYEN TO SOCKET"
    49          "KHUON EP DO"
end
4
// BotIndex  ItemType  ItemIndex  Level  Option  ZenPrice
    0           14          13         0       0       2000000
    0           14          14         0       0       2500000
    0           12          15         0       0       3000000
    1           14          16         0       0       5000000
    1           14          22         0       0       10000000
    1           14          31         0       0       8000000
    2           14          41         0       0       3000000
    2           14          42         0       0       5000000
    2           14          43         0       0       2500000
    2           14          44         0       0       6000000
    3           14          249        0       0       15000000
    3           12          100        0       0       2000000
    3           12          101        0       0       2000000
    3           12          102        0       0       2000000
    4           14          176        0       0       20000000
    4           14          177        0       0       15000000
    4           14          178        0       0       25000000
    4           14          179        0       0       25000000
    5           14          216        0       0       10000000
    5           14          217        0       0       10000000
    5           14          218        0       0       15000000
    6           14          244        0       0       12000000
    6           14          245        0       0       12000000
    6           14          246        0       0       12000000
    7           14          247        0       0       15000000
    7           14          248        0       0       20000000
    7           14          249        0       0       15000000
    8           12          103        0       0       2000000
    8           12          104        0       0       2000000
    8           12          105        0       0       2000000
    8           12          106        0       0       2000000
    9           12          70         0       0       5000000
    9           12          71         0       0       8000000
    9           12          72         0       0       12000000
    9           12          73         0       0       16000000
    9           12          74         0       0       20000000
    10          14          13         0       0       2000000
    10          14          14         0       0       2500000
    10          12          15         0       0       3000000
    11          14          16         0       0       5000000
    11          14          22         0       0       10000000
    11          14          31         0       0       8000000
    12          14          41         0       0       3000000
    12          14          42         0       0       5000000
    12          14          43         0       0       2500000
    12          14          44         0       0       6000000
    13          14          249        0       0       15000000
    13          12          100        0       0       2000000
    13          12          101        0       0       2000000
    13          12          102        0       0       2000000
    14          14          176        0       0       20000000
    14          14          177        0       0       15000000
    14          14          178        0       0       25000000
    14          14          179        0       0       25000000
    15          14          216        0       0       10000000
    15          14          217        0       0       10000000
    15          14          218        0       0       15000000
    16          14          244        0       0       12000000
    16          14          245        0       0       12000000
    16          14          246        0       0       12000000
    17          14          247        0       0       15000000
    17          14          248        0       0       20000000
    17          14          249        0       0       15000000
    18          12          103        0       0       2000000
    18          12          104        0       0       2000000
    18          12          105        0       0       2000000
    18          12          106        0       0       2000000
    19          12          70         0       0       5000000
    19          12          71         0       0       8000000
    19          12          72         0       0       12000000
    19          12          73         0       0       16000000
    19          12          74         0       0       20000000
    20          14          13         0       0       2000000
    20          14          14         0       0       2500000
    20          12          15         0       0       3000000
    21          14          16         0       0       5000000
    21          14          22         0       0       10000000
    21          14          31         0       0       8000000
    22          14          41         0       0       3000000
    22          14          42         0       0       5000000
    22          14          43         0       0       2500000
    22          14          44         0       0       6000000
    23          14          249        0       0       15000000
    23          12          100        0       0       2000000
    23          12          101        0       0       2000000
    23          12          102        0       0       2000000
    24          14          176        0       0       20000000
    24          14          177        0       0       15000000
    24          14          178        0       0       25000000
    24          14          179        0       0       25000000
    25          14          216        0       0       10000000
    25          14          217        0       0       10000000
    25          14          218        0       0       15000000
    26          14          244        0       0       12000000
    26          14          245        0       0       12000000
    26          14          246        0       0       12000000
    27          14          247        0       0       15000000
    27          14          248        0       0       20000000
    27          14          249        0       0       15000000
    28          12          103        0       0       2000000
    28          12          104        0       0       2000000
    28          12          105        0       0       2000000
    28          12          106        0       0       2000000
    29          12          70         0       0       5000000
    29          12          71         0       0       8000000
    29          12          72         0       0       12000000
    29          12          73         0       0       16000000
    29          12          74         0       0       20000000
    30          14          13         0       0       2000000
    30          14          14         0       0       2500000
    30          12          15         0       0       3000000
    31          14          16         0       0       5000000
    31          14          22         0       0       10000000
    31          14          31         0       0       8000000
    32          14          41         0       0       3000000
    32          14          42         0       0       5000000
    32          14          43         0       0       2500000
    32          14          44         0       0       6000000
    33          14          249        0       0       15000000
    33          12          100        0       0       2000000
    33          12          101        0       0       2000000
    33          12          102        0       0       2000000
    34          14          176        0       0       20000000
    34          14          177        0       0       15000000
    34          14          178        0       0       25000000
    34          14          179        0       0       25000000
    35          14          216        0       0       10000000
    35          14          217        0       0       10000000
    35          14          218        0       0       15000000
    36          14          244        0       0       12000000
    36          14          245        0       0       12000000
    36          14          246        0       0       12000000
    37          14          247        0       0       15000000
    37          14          248        0       0       20000000
    37          14          249        0       0       15000000
    38          12          103        0       0       2000000
    38          12          104        0       0       2000000
    38          12          105        0       0       2000000
    38          12          106        0       0       2000000
    39          12          70         0       0       5000000
    39          12          71         0       0       8000000
    39          12          72         0       0       12000000
    39          12          73         0       0       16000000
    39          12          74         0       0       20000000
    40          14          13         0       0       2000000
    40          14          14         0       0       2500000
    40          12          15         0       0       3000000
    41          14          16         0       0       5000000
    41          14          22         0       0       10000000
    41          14          31         0       0       8000000
    42          14          41         0       0       3000000
    42          14          42         0       0       5000000
    42          14          43         0       0       2500000
    42          14          44         0       0       6000000
    43          14          249        0       0       15000000
    43          12          100        0       0       2000000
    43          12          101        0       0       2000000
    43          12          102        0       0       2000000
    44          14          176        0       0       20000000
    44          14          177        0       0       15000000
    44          14          178        0       0       25000000
    44          14          179        0       0       25000000
    45          14          216        0       0       10000000
    45          14          217        0       0       10000000
    45          14          218        0       0       15000000
    46          14          244        0       0       12000000
    46          14          245        0       0       12000000
    46          14          246        0       0       12000000
    47          14          247        0       0       15000000
    47          14          248        0       0       20000000
    47          14          249        0       0       15000000
    48          12          103        0       0       2000000
    48          12          104        0       0       2000000
    48          12          105        0       0       2000000
    48          12          106        0       0       2000000
    49          12          70         0       0       5000000
    49          12          71         0       0       8000000
    49          12          72         0       0       12000000
    49          12          73         0       0       16000000
    49          12          74         0       0       20000000
end


