//=================================================================================================================
//					FACEBOOK: https://www.facebook.com/mukynguyen/
//					Zalo : BQT MU KỶ NGUYÊN
//					Name : MU KỶ NGUYÊN
//=====================File config Drop Item Sever===================
//=====================Không Biết Config Liên Hệ Người Bán sever Để Được Hỗ Trợ Nhé !
//=================================================================================================================
0
//EventName				DropZen		ItemDropRate	ItemDropCount	SetItemDropRate		ItemDropType	Fireworks
"Boss"		             1000		  100			       	1			  	0					0				0
end

1
//Section   Type   MinLevel   MaxLevel   Skill   Luck   Option   Excellent   SetOption	    Tỉ Lệ	NameItem
0			26		0			7			1		0		0		1			0			100		
0			27		0			7			1		0		0		1			0			100		
0			28		0			7			1		0		0		1			0			100		
0			81		0			7			1		0		0		1			0			100		
2			17		0			7			1		0		0		1			0			100		
4			23		0			7			1		0		0		1			0			100		
5			31		0			7			1		0		0		1			0			100		
5			32		0			7			1		0		0		1			0			100		
5			23		0			7			1		0		0		1			0			100		

0			26		0			7			1		1		0		1			0			100		
0			27		0			7			1		1		0		1			0			100		
0			28		0			7			1		1		0		1			0			100		
0			81		0			7			1		1		0		1			0			100		
2			17		0			7			1		1		0		1			0			100		
4			23		0			7			1		1		0		1			0			100		
5			31		0			7			1		1		0		1			0			100		
5			32		0			7			1		1		0		1			0			100		
5			23		0			7			1		1		0		1			0			100		

0			26		0			7			1		0		0		2			0			70		
0			27		0			7			1		0		0		2			0			70		
0			28		0			7			1		0		0		2			0			70		
0			81		0			7			1		0		0		2			0			70		
2			17		0			7			1		0		0		2			0			70		
4			23		0			7			1		0		0		2			0			70		
5			31		0			7			1		0		0		2			0			70		
5			32		0			7			1		0		0		2			0			70		
5			23		0			7			1		0		0		2			0			70	

0			26		0			7			1		1		0		2			0			50		
0			27		0			7			1		1		0		2			0			50		
0			28		0			7			1		1		0		2			0			50		
0			81		0			7			1		1		0		2			0			50		
2			17		0			7			1		1		0		2			0			50		
4			23		0			7			1		1		0		2			0			50		
5			31		0			7			1		1		0		2			0			50		
5			32		0			7			1		1		0		2			0			50		
5			23		0			7			1		1		0		2			0			50		

0			26		0			7			1		0		0		3			0			30		
0			27		0			7			1		0		0		3			0			30		
0			28		0			7			1		0		0		3			0			30		
0			81		0			7			1		0		0		3			0			30		
2			17		0			7			1		0		0		3			0			30		
4			23		0			7			1		0		0		3			0			30		
5			31		0			7			1		0		0		3			0			30		
5			32		0			7			1		0		0		3			0			30		
5			23		0			7			1		0		0		3			0			30	

0			26		0			7			1		1		0		3			0			20		
0			27		0			7			1		1		0		3			0			20		
0			28		0			7			1		1		0		3			0			20		
0			81		0			7			1		1		0		3			0			20		
2			17		0			7			1		1		0		3			0			20		
4			23		0			7			1		1		0		3			0			20		
5			31		0			7			1		1		0		3			0			20		
5			32		0			7			1		1		0		3			0			20		
5			23		0			7			1		1		0		3			0			20	

6			17		0			7			1		1		0		1			0			100	
6			18		0			7			1		1		0		1			0			100	
6			20		0			7			1		1		0		1			0			100	
6			21		0			7			1		1		0		1			0			100	

6			17		0			7			1		1		0		2			0			50	
6			18		0			7			1		1		0		2			0			50	
6			20		0			7			1		1		0		2			0			50	
6			21		0			7			1		1		0		2			0			50	

6			17		0			7			1		1		0		3			0			20	
6			18		0			7			1		1		0		3			0			20	
6			20		0			7			1		1		0		3			0			20	
6			21		0			7			1		1		0		3			0			20	

//Section   Type   MinLevel   MaxLevel   Skill   Luck   Option   Excellent   SetOption	    Tỉ Lệ	
13			12		0		    0		     1		1		 7		 2			10          100      
13			23		0		    0		     1		1		 7		 2			9           100      
13			8		0		    0		     1		1		 7		 2			9           100      
13			26		0		    0		     1		1		 7		 2			10          100      
13			8		0		    0		     1		1		 7		 2			10          100      
13			23		0		    0		     1		1		 7		 2			10          100      

13			12		0		    0		     1		1		 7		 3			 10         30       
13			23		0		    0		     1		1		 7		 3			 9          30       
13			8		0		    0		     1		1		 7		 3			 9          30       
13			26		0		    0		     1		1		 7		 3			 10         30       
13			8		0		    0		     1		1		 7		 3			 10         30       
13			23		0		    0		     1		1		 7		 3			 10         30       

13			12		0		    0		     1		1		 7		 5			 10         10       
13			23		0		    0		     1		1		 7		 5			 9          10       
13			8		0		    0		     1		1		 7		 5			 9          10       
13			26		0		    0		     1		1		 7		 5			 10         10       
13			8		0		    0		     1		1		 7		 5			 10         10       
13			23		0		    0		     1		1		 7		 5			 10         10       

13			12		0		    0		     1		1		 7		 7			 10         5        
13			23		0		    0		     1		1		 7		 7			 9          5        
13			8		0		    0		     1		1		 7		 7			 9          5       
13			26		0		    0		     1		1		 7		 7			 10         5        
13			8		0		    0		     1		1		 7		 7			 10         5        
13			23		0		    0		     1		1		 7		 7			 10         5        

end
