//=================================================================================================================
//					FACEBOOK: https://www.facebook.com/mukynguyen/
//					Zalo : BQT MU KỶ NGUYÊN
//					Name : MU KỶ NGUYÊN
//=====================File config Drop Item Sever===================
//=====================Không Biết Config Liên Hệ Người Bán sever Để Được Hỗ Trợ Nhé !
//=================================================================================================================
0
//EventName				DropZen		ItemDropRate	ItemDropCount	SetItemDropRate		ItemDropType	Fireworks
"Boss"		         1000		  100			       	1			  	0					0				0
end

1
//Section   Type   MinLevel   MaxLevel   Skill   Luck   Option   Excellent   SetOption	    Tỉ Lệ	NameItem
7			45		0			7			1		0		1		1			0			100		
8			45		0			7			1		0		1		1			0			100		
9			45		0			7			1		0		1		1			0			100		
10			45		0			7			1		0		1		1			0			100		
11			45		0			7			1		0		1		1			0			100		
7			46		0			7			1		0		1		1			0			100		
8			46		0			7			1		0		1		1			0			100		
9			46		0			7			1		0		1		1			0			100		
10			46		0			7			1		0		1		1			0			100		
11			46		0			7			1		0		1		1			0			100	
7			52		0			7			1		0		1		1			0			100		
8			52		0			7			1		0		1		1			0			100		
9			52		0			7			1		0		1		1			0			100		
10			52		0			7			1		0		1		1			0			100		
11			52		0			7			1		0		1		1			0			100	
7			49		0			7			1		0		1		1			0			100		
8			49		0			7			1		0		1		1			0			100		
9			49		0			7			1		0		1		1			0			100		
10			49		0			7			1		0		1		1			0			100		
11			49		0			7			1		0		1		1			0			100		
7			50		0			7			1		0		1		1			0			100		
8			50		0			7			1		0		1		1			0			100		
9			50		0			7			1		0		1		1			0			100		
10			50		0			7			1		0		1		1			0			100		
11			50		0			7			1		0		1		1			0			100	
7			53		0			7			1		0		1		1			0			100		
8			53		0			7			1		0		1		1			0			100		
9			53		0			7			1		0		1		1			0			100		
10			53		0			7			1		0		1		1			0			100		
11			53		0			7			1		0		1		1			0			100			
8			47		0			7			1		0		1		1			0			100		
9			47		0			7			1		0		1		1			0			100		
10			47		0			7			1		0		1		1			0			100		
11			47		0			7			1		0		1		1			0			100		
8			48		0			7			1		0		1		1			0			100		
9			48		0			7			1		0		1		1			0			100		
10			48		0			7			1		0		1		1			0			100		
11			48		0			7			1		0		1		1			0			100	
7			51		0			7			1		0		1		1			0			100		
8			51		0			7			1		0		1		1			0			100		
9			51		0			7			1		0		1		1			0			100		
10			51		0			7			1		0		1		1			0			100		
11			51		0			7			1		0		1		1			0			100		
7			77		0			7			1		0		1		1			0			100		
8			77		0			7			1		0		1		1			0			100		
9			77		0			7			1		0		1		1			0			100		
11			77		0			7			1		0		1		1			0			100				

7			45		0			7			1		1		1		1			0			100		
8			45		0			7			1		1		1		1			0			100		
9			45		0			7			1		1		1		1			0			100		
10			45		0			7			1		1		1		1			0			100		
11			45		0			7			1		1		1		1			0			100		
7			46		0			7			1		1		1		1			0			100		
8			46		0			7			1		1		1		1			0			100		
9			46		0			7			1		1		1		1			0			100		
10			46		0			7			1		1		1		1			0			100		
11			46		0			7			1		1		1		1			0			100	
7			52		0			7			1		1		1		1			0			100		
8			52		0			7			1		1		1		1			0			100		
9			52		0			7			1		1		1		1			0			100		
10			52		0			7			1		1		1		1			0			100		
11			52		0			7			1		1		1		1			0			100	
7			49		0			7			1		1		1		1			0			100		
8			49		0			7			1		1		1		1			0			100		
9			49		0			7			1		1		1		1			0			100		
10			49		0			7			1		1		1		1			0			100		
11			49		0			7			1		1		1		1			0			100		
7			50		0			7			1		1		1		1			0			100		
8			50		0			7			1		1		1		1			0			100		
9			50		0			7			1		1		1		1			0			100		
10			50		0			7			1		1		1		1			0			100		
11			50		0			7			1		1		1		1			0			100	
7			53		0			7			1		1		1		1			0			100		
8			53		0			7			1		1		1		1			0			100		
9			53		0			7			1		1		1		1			0			100		
10			53		0			7			1		1		1		1			0			100		
11			53		0			7			1		1		1		1			0			100			
8			47		0			7			1		1		1		1			0			100		
9			47		0			7			1		1		1		1			0			100		
10			47		0			7			1		1		1		1			0			100		
11			47		0			7			1		1		1		1			0			100		
8			48		0			7			1		1		1		1			0			100		
9			48		0			7			1		1		1		1			0			100		
10			48		0			7			1		1		1		1			0			100		
11			48		0			7			1		1		1		1			0			100	
7			51		0			7			1		1		1		1			0			100		
8			51		0			7			1		1		1		1			0			100		
9			51		0			7			1		1		1		1			0			100		
10			51		0			7			1		1		1		1			0			100		
11			51		0			7			1		1		1		1			0			100		
7			77		0			7			1		1		1		1			0			100		
8			77		0			7			1		1		1		1			0			100		
9			77		0			7			1		1		1		1			0			100		
11			77		0			7			1		1		1		1			0			100	

7			45		0			7			1		0		1		2			0			60		
8			45		0			7			1		0		1		2			0			60		
9			45		0			7			1		0		1		2			0			60		
10			45		0			7			1		0		1		2			0			60		
11			45		0			7			1		0		1		2			0			60		
7			46		0			7			1		0		1		2			0			60		
8			46		0			7			1		0		1		2			0			60		
9			46		0			7			1		0		1		2			0			60		
10			46		0			7			1		0		1		2			0			60		
11			46		0			7			1		0		1		2			0			60	
7			52		0			7			1		0		1		2			0			60		
8			52		0			7			1		0		1		2			0			60		
9			52		0			7			1		0		1		2			0			60		
10			52		0			7			1		0		1		2			0			60		
11			52		0			7			1		0		1		2			0			60	
7			49		0			7			1		0		1		2			0			60		
8			49		0			7			1		0		1		2			0			60		
9			49		0			7			1		0		1		2			0			60		
10			49		0			7			1		0		1		2			0			60		
11			49		0			7			1		0		1		2			0			60		
7			50		0			7			1		0		1		2			0			60		
8			50		0			7			1		0		1		2			0			60		
9			50		0			7			1		0		1		2			0			60		
10			50		0			7			1		0		1		2			0			60		
11			50		0			7			1		0		1		2			0			60	
7			53		0			7			1		0		1		2			0			60		
8			53		0			7			1		0		1		2			0			60		
9			53		0			7			1		0		1		2			0			60		
10			53		0			7			1		0		1		2			0			60		
11			53		0			7			1		0		1		2			0			60			
8			47		0			7			1		0		1		2			0			60		
9			47		0			7			1		0		1		2			0			60		
10			47		0			7			1		0		1		2			0			60		
11			47		0			7			1		0		1		2			0			60		
8			48		0			7			1		0		1		2			0			60		
9			48		0			7			1		0		1		2			0			60		
10			48		0			7			1		0		1		2			0			60		
11			48		0			7			1		0		1		2			0			60	
7			51		0			7			1		0		1		2			0			60		
8			51		0			7			1		0		1		2			0			60		
9			51		0			7			1		0		1		2			0			60		
10			51		0			7			1		0		1		2			0			60		
11			51		0			7			1		0		1		2			0			60		
7			77		0			7			1		0		1		2			0			60		
8			77		0			7			1		0		1		2			0			60		
9			77		0			7			1		0		1		2			0			60		
11			77		0			7			1		0		1		2			0			60		

7			45		0			7			1		1		0		2			0			50		
8			45		0			7			1		1		0		2			0			50		
9			45		0			7			1		1		0		2			0			50		
10			45		0			7			1		1		0		2			0			50		
11			45		0			7			1		1		0		2			0			50		
7			46		0			7			1		1		0		2			0			50		
8			46		0			7			1		1		0		2			0			50		
9			46		0			7			1		1		0		2			0			50		
10			46		0			7			1		1		0		2			0			50		
11			46		0			7			1		1		0		2			0			50	
7			52		0			7			1		1		0		2			0			50		
8			52		0			7			1		1		0		2			0			50		
9			52		0			7			1		1		0		2			0			50		
10			52		0			7			1		1		0		2			0			50		
11			52		0			7			1		1		0		2			0			50	
7			49		0			7			1		1		0		2			0			50		
8			49		0			7			1		1		0		2			0			50		
9			49		0			7			1		1		0		2			0			50		
10			49		0			7			1		1		0		2			0			50		
11			49		0			7			1		1		0		2			0			50		
7			50		0			7			1		1		0		2			0			50		
8			50		0			7			1		1		0		2			0			50		
9			50		0			7			1		1		0		2			0			50		
10			50		0			7			1		1		0		2			0			50		
11			50		0			7			1		1		0		2			0			50	
7			53		0			7			1		1		0		2			0			50		
8			53		0			7			1		1		0		2			0			50		
9			53		0			7			1		1		0		2			0			50		
10			53		0			7			1		1		0		2			0			50		
11			53		0			7			1		1		0		2			0			50			
8			47		0			7			1		1		0		2			0			50		
9			47		0			7			1		1		0		2			0			50		
10			47		0			7			1		1		0		2			0			50		
11			47		0			7			1		1		0		2			0			50		
8			48		0			7			1		1		0		2			0			50		
9			48		0			7			1		1		0		2			0			50		
10			48		0			7			1		1		0		2			0			50		
11			48		0			7			1		1		0		2			0			50	
7			51		0			7			1		1		0		2			0			50		
8			51		0			7			1		1		0		2			0			50		
9			51		0			7			1		1		0		2			0			50		
10			51		0			7			1		1		0		2			0			50		
11			51		0			7			1		1		0		2			0			50		
7			77		0			7			1		1		0		2			0			50		
8			77		0			7			1		1		0		2			0			50		
9			77		0			7			1		1		0		2			0			50		
11			77		0			7			1		1		0		2			0			50		

7			45		0			7			1		0		1		3			0			20		
8			45		0			7			1		0		1		3			0			20		
9			45		0			7			1		0		1		3			0			20		
10			45		0			7			1		0		1		3			0			20		
11			45		0			7			1		0		1		3			0			20		
7			46		0			7			1		0		1		3			0			20		
8			46		0			7			1		0		1		3			0			20		
9			46		0			7			1		0		1		3			0			20		
10			46		0			7			1		0		1		3			0			20		
11			46		0			7			1		0		1		3			0			20	
7			52		0			7			1		0		1		3			0			20		
8			52		0			7			1		0		1		3			0			20		
9			52		0			7			1		0		1		3			0			20		
10			52		0			7			1		0		1		3			0			20		
11			52		0			7			1		0		1		3			0			20	
7			49		0			7			1		0		1		3			0			20		
8			49		0			7			1		0		1		3			0			20		
9			49		0			7			1		0		1		3			0			20		
10			49		0			7			1		0		1		3			0			20		
11			49		0			7			1		0		1		3			0			20		
7			50		0			7			1		0		1		3			0			20		
8			50		0			7			1		0		1		3			0			20		
9			50		0			7			1		0		1		3			0			20		
10			50		0			7			1		0		1		3			0			20		
11			50		0			7			1		0		1		3			0			20	
7			53		0			7			1		0		1		3			0			20		
8			53		0			7			1		0		1		3			0			20		
9			53		0			7			1		0		1		3			0			20		
10			53		0			7			1		0		1		3			0			20		
11			53		0			7			1		0		1		3			0			20			
8			47		0			7			1		0		1		3			0			20		
9			47		0			7			1		0		1		3			0			20		
10			47		0			7			1		0		1		3			0			20		
11			47		0			7			1		0		1		3			0			20		
8			48		0			7			1		0		1		3			0			20		
9			48		0			7			1		0		1		3			0			20		
10			48		0			7			1		0		1		3			0			20		
11			48		0			7			1		0		1		3			0			20	
7			51		0			7			1		0		1		3			0			20		
8			51		0			7			1		0		1		3			0			20		
9			51		0			7			1		0		1		3			0			20		
10			51		0			7			1		0		1		3			0			20		
11			51		0			7			1		0		1		3			0			20		
7			77		0			7			1		0		1		3			0			20		
8			77		0			7			1		0		1		3			0			20		
9			77		0			7			1		0		1		3			0			20		
11			77		0			7			1		0		1		3			0			20	

7			45		0			7			1		1		0		3			0			30		
8			45		0			7			1		1		0		3			0			30		
9			45		0			7			1		1		0		3			0			30		
10			45		0			7			1		1		0		3			0			30		
11			45		0			7			1		1		0		3			0			30		
7			46		0			7			1		1		0		3			0			30		
8			46		0			7			1		1		0		3			0			30		
9			46		0			7			1		1		0		3			0			30		
10			46		0			7			1		1		0		3			0			30		
11			46		0			7			1		1		0		3			0			30	
7			52		0			7			1		1		0		3			0			30		
8			52		0			7			1		1		0		3			0			30		
9			52		0			7			1		1		0		3			0			30		
10			52		0			7			1		1		0		3			0			30		
11			52		0			7			1		1		0		3			0			30	
7			49		0			7			1		1		0		3			0			30		
8			49		0			7			1		1		0		3			0			30		
9			49		0			7			1		1		0		3			0			30		
10			49		0			7			1		1		0		3			0			30		
11			49		0			7			1		1		0		3			0			30		
7			50		0			7			1		1		0		3			0			30		
8			50		0			7			1		1		0		3			0			30		
9			50		0			7			1		1		0		3			0			30		
10			50		0			7			1		1		0		3			0			30		
11			50		0			7			1		1		0		3			0			30	
7			53		0			7			1		1		0		3			0			30		
8			53		0			7			1		1		0		3			0			30		
9			53		0			7			1		1		0		3			0			30		
10			53		0			7			1		1		0		3			0			30		
11			53		0			7			1		1		0		3			0			30			
8			47		0			7			1		1		0		3			0			30		
9			47		0			7			1		1		0		3			0			30		
10			47		0			7			1		1		0		3			0			30		
11			47		0			7			1		1		0		3			0			30		
8			48		0			7			1		1		0		3			0			30		
9			48		0			7			1		1		0		3			0			30		
10			48		0			7			1		1		0		3			0			30		
11			48		0			7			1		1		0		3			0			30	
7			51		0			7			1		1		0		3			0			30		
8			51		0			7			1		1		0		3			0			30		
9			51		0			7			1		1		0		3			0			30		
10			51		0			7			1		1		0		3			0			30		
11			51		0			7			1		1		0		3			0			30		
7			77		0			7			1		1		0		3			0			30		
8			77		0			7			1		1		0		3			0			30		
9			77		0			7			1		1		0		3			0			30		
11			77		0			7			1		1		0		3			0			30				
end
