//=================================================================================================================
//					FACEBOOK: https://www.facebook.com/mukynguyen/
//					Zalo + SĐT : BQT MU KỶ NGUYÊN
//					Name : MU KỶ NGUYÊN
//=======Cung Cấp Sever Mu Online========
//-Phiên Bản
//+DLL Clasic Cutsom Có Đủ
//+5.2 FPS 120 Siêu Mượt
//======Hỗ Trợ=========
//+Config Sever Theo Ý Muốn
//+Dịch Vụ VPS Hosting Tên Miền Antihack
//=================================================================================================================
//Max Mix Tối Da Idex 250
//Index				-> Index của item
//Money				-> Zen Của Item Mix
//RateAL0			-> Thường
//RateAL1			-> VIP 1
//RateAL2			-> VIP 2
//RateAL3			-> VIP 3
//Group			    -> Số Dòng CGroup Của 1 Idex
//Count				-> Số Lượng Item Có Trong ChaoMix
//KeepItem			-> Giữ lại item chính Giữ Khi Qoay Xịt
//KeepOption		-> Khi Qoay Thành Công Giữ Opt Mất Level
//***Lưu ý: Các Bạn Không Biết Chỉnh Thì Có Thể Hỏi Người Bán Server Hoặc Bạn Bè Nhé Tránh Lỗi Hi!
//=================================================================================================================
0
//Index		MixMoney	RateAL0		RateAL1		RateAL2		RateAL3		  Group	      Count        Exc    KeepItem    KeepOption      Name item
66		    100000   	100			100			100			100			   33			7		    1		 1             1         //Tỉ Lệ Nâng Cấp (Sét Đồ Cấp 5      => 6)
67		    100000   	100			100			100			100			   33			7		    1		 1             1         //Tỉ Lệ Nâng Cấp (Sét Đồ Cấp 6      => 7)
68		    100000   	100			100			100			100			   33			7		    1		 1             1         //Tỉ Lệ Nâng Cấp (Sét Đồ Cấp 7      => 380)
69		    100000   	100			100			100			100			   33			7		    1		 1             1         //Tỉ Lệ Nâng Cấp (Sét Đồ Cấp 380    => 400)

70		    100000		100			100			100			100			   8			7			1		 1             1          //Tỉ Lệ Nâng Cấp (VK Cấp 5          => VK Cấp 6)
71		    100000		100			100			100			100			   8			7			1		 1             1          //Tỉ Lệ Nâng Cấp (VK Cấp 6          => VK Cấp 7)
61		    100000		100			100			100			100			   7			7			1		 1             1          //Tỉ Lệ Nâng Cấp (VK Cấp 7          => VK Rồng 1)
60		    100000		100			100			100			100			   7			7			1		 1             1          //Tỉ Lệ Nâng Cấp (VK Rồng 1         => VK 380)
72  	    100000		100			100			100			100			   7			7			1		 1             1          //Tỉ Lệ Nâng Cấp (VK 380            => VK 400)

73		    100000   	100			100			100			100			   4			7		    1		 1             1            //Tỉ Lệ Nâng Cấp Áo Choàng Tử Thần
74		    100000   	100			100			100			100			   4			7		    1		 1             1            //Tỉ Lệ Nâng Cấp Cánh Hỗn Nguyên
75		    100000   	100			100			100			100			   4			7		    1		 1             1            //Tỉ Lệ Nâng Cấp Cánh Ma Thuật
76		    100000   	100			100			100			100			   4			7		    1		 1             1            //Tỉ Lệ Nâng Cấp Cánh Hỏa Thần

77		    100000   	100			100			100			100			   7			7		    1		 1             1            //Tỉ Lệ Nâng Cấp (Cánh) (3)         => Cánh (4)
78		    100000   	100			100			100			100			   1			7		    1		 1             1            //Tỉ Lệ Nâng Cấp (Cánh) (4)         => Cánh (SS8)

end
1
//Index	    ItemMix		level	Count
//------------------Nguyên Liệu Mix--------------
60		7384		0		1		//Đá Nâng Cấp Vũ Khí (14,216)
60		6285		2		1		//Cụm Ngọc Hỗn Nguyên (12,141)
60		6174		2		1		//Cụm Ngọc Ước Nguyện (12,30)
60		6175		2		1		//Cụm Ngọc Tâm Linh (12,31)
60		6281		2		1		//Cụm Ngọc Sáng Tạo(12,137)
60		6280		2		1		//Cụm Ngọc Sinh Mệnh(12,136)

61		7384		0		1		//Đá Nâng Cấp Vũ Khí (14,216)
61		6285		2		1		//Cụm Ngọc Hỗn Nguyên (12,141)
61		6174		2		1		//Cụm Ngọc Ước Nguyện (12,30)
61		6175		2		1		//Cụm Ngọc Tâm Linh (12,31)
61		6281		2		1		//Cụm Ngọc Sáng Tạo(12,137)
61		6280		2		1		//Cụm Ngọc Sinh Mệnh(12,136)

66		7385		0		1		//Đá Nâng Cấp [Trang Bị](14,217)
66		6285		2		1		//Cụm Ngọc Hỗn Nguyên (12,141)
66		6174		2		1		//Cụm Ngọc Ước Nguyện (12,30)
66		6175		2		1		//Cụm Ngọc Tâm Linh (12,31)
66		6281		2		1		//Cụm Ngọc Sáng Tạo(12,137)
66		6280		2		1		//Cụm Ngọc Sinh Mệnh(12,136)

67		7385		0		1		//Đá Nâng Cấp [Trang Bị](14,217)
67		6285		2		1		//Cụm Ngọc Hỗn Nguyên (12,141)
67		6174		2		1		//Cụm Ngọc Ước Nguyện (12,30)
67		6175		2		1		//Cụm Ngọc Tâm Linh (12,31)
67		6281		2		1		//Cụm Ngọc Sáng Tạo(12,137)
67		6280		2		1		//Cụm Ngọc Sinh Mệnh(12,136)

68		7385		0		1		//Đá Nâng Cấp [Trang Bị](14,217)
68		6285		2		1		//Cụm Ngọc Hỗn Nguyên (12,141)
68		6174		2		1		//Cụm Ngọc Ước Nguyện (12,30)
68		6175		2		1		//Cụm Ngọc Tâm Linh (12,31)
68		6281		2		1		//Cụm Ngọc Sáng Tạo(12,137)
68		6280		2		1		//Cụm Ngọc Sinh Mệnh(12,136)

69		7385		0		1		//Đá Nâng Cấp [Trang Bị](14,217)
69		6285		2		1		//Cụm Ngọc Hỗn Nguyên (12,141)
69		6174		2		1		//Cụm Ngọc Ước Nguyện (12,30)
69		6175		2		1		//Cụm Ngọc Tâm Linh (12,31)
69		6281		2		1		//Cụm Ngọc Sáng Tạo(12,137)
69		6280		2		1		//Cụm Ngọc Sinh Mệnh(12,136)
//===================================================================
70		7384		0		1		//Đá Nâng Cấp [Vũ Khí] (14,216)
70		6285		2		1		//Cụm Ngọc Hỗn Nguyên (12,141)
70		6174		2		1		//Cụm Ngọc Ước Nguyện (12,30)
70		6175		2		1		//Cụm Ngọc Tâm Linh (12,31)
70		6281		2		1		//Cụm Ngọc Sáng Tạo(12,137)
70		6280		2		1		//Cụm Ngọc Sinh Mệnh(12,136)

71		7384		0		1		//Đá Nâng Cấp [Vũ Khí] (14,216)
71		6285		2		1		//Cụm Ngọc Hỗn Nguyên (12,141)
71		6174		2		1		//Cụm Ngọc Ước Nguyện (12,30)
71		6175		2		1		//Cụm Ngọc Tâm Linh (12,31)
71		6281		2		1		//Cụm Ngọc Sáng Tạo(12,137)
71		6280		2		1		//Cụm Ngọc Sinh Mệnh(12,136)

72		7384		0		1		//Đá Nâng Cấp [Vũ Khí] (14,216)
72		6285		2		1		//Cụm Ngọc Hỗn Nguyên (12,141)
72		6174		2		1		//Cụm Ngọc Ước Nguyện (12,30)
72		6175		2		1		//Cụm Ngọc Tâm Linh (12,31)
72		6281		2		1		//Cụm Ngọc Sáng Tạo(12,137)
72		6280		2		1		//Cụm Ngọc Sinh Mệnh(12,136)

73		7344		0		1		//Xương Thần Chết (14,176)
73		6285		0		1		//Cụm Ngọc Hỗn Nguyên (12,141)
73		6174		0		1		//Cụm Ngọc Ước Nguyện (12,30)
73		6175		0		1		//Cụm Ngọc Tâm Linh (12,31)
73		6281		0		1		//Cụm Ngọc Sáng Tạo(12,137)
73		6280		0		1		//Cụm Ngọc Sinh Mệnh(12,136)

74		7345		0		1		//Da Quỷ Vương (14,177)
74		6285		0		1		//Cụm Ngọc Hỗn Nguyên (12,141)
74		6174		0		1		//Cụm Ngọc Ước Nguyện (12,30)
74		6175		0		1		//Cụm Ngọc Tâm Linh (12,31)
74		6281		0		1		//Cụm Ngọc Sáng Tạo(12,137)
74		6280		0		1		//Cụm Ngọc Sinh Mệnh(12,136)

75		7346		0		1		//Lông Vũ Phượng Hoàng (14,178)
75		6285		0		1		//Cụm Ngọc Hỗn Nguyên (12,141)
75		6174		0		1		//Cụm Ngọc Ước Nguyện (12,30)
75		6175		0		1		//Cụm Ngọc Tâm Linh (12,31)
75		6281		0		1		//Cụm Ngọc Sáng Tạo(12,137)
75		6280		0		1		//Cụm Ngọc Sinh Mệnh(12,136)

76		7347		0		1		//Linh Hồn Dơi Lửa (14,179)
76		6285		0		1		//Cụm Ngọc Hỗn Nguyên (12,141)
76		6174		0		1		//Cụm Ngọc Ước Nguyện (12,30)
76		6175		0		1		//Cụm Ngọc Tâm Linh (12,31)
76		6281		0		1		//Cụm Ngọc Sáng Tạo(12,137)
76		6280		0		1		//Cụm Ngọc Sinh Mệnh(12,136)

77		7386		0		1		//Đá Nâng Cấp [Wing] (14,218)
77		6285		2		1		//Cụm Ngọc Hỗn Nguyên (12,141)
77		6174		2		1		//Cụm Ngọc Ước Nguyện (12,30)
77		6175		2		1		//Cụm Ngọc Tâm Linh (12,31)
77		6281		2		1		//Cụm Ngọc Sáng Tạo(12,137)
77		6280		2		1		//Cụm Ngọc Sinh Mệnh(12,136)

78		7386		0		1		//Đá Nâng Cấp [Wing] (14,218)
78		6285		2		1		//Cụm Ngọc Hỗn Nguyên (12,141)
78		6174		2		1		//Cụm Ngọc Ước Nguyện (12,30)
78		6175		2		1		//Cụm Ngọc Tâm Linh (12,31)
78		6281		2		1		//Cụm Ngọc Sáng Tạo(12,137)
78		6280		2		1		//Cụm Ngọc Sinh Mệnh(12,136)
end

//-------------------------------------------------------------------------------------------------------------------------------------
2
//Index	  Group	   Count	ItemIndexMin	ItemIndexMax	MinItemLevel	Skill	Luck	Option	Exc		ItemSetOption     NameItem
//Mix Vũ khí 380
60			0		 1			19				19			13			     -1		 -1		  -1	-1			-1	 	      //Thiên tử kiếm(0,19)
60			1		 1			1037			1037		13			     -1		 -1		  -1	-1			-1	 	      //Trượng Thiên Tử(2,13)
60			2		 1			2066			2066		13			     -1		 -1		  -1	-1			-1	 	      //Nỏ Hoả Long(4,18)
60			3		 1			2570			2570		13			     -1		 -1		  -1	-1			-1	 	      //Gậy Hỏa Long(5,10)
60			4		 1			2596			2596		13			     -1		 -1		  -1	-1			-1	 	      //Gậy Thiên Nữ(5,36)
60			5		 1			60				60			13			     -1		 -1		  -1	-1			-1	 	      //Vuốt Thiên Tử(0,60)
60			6		 1			47				47			13			     -1		 -1		  -1	-1			-1	 	      //Đao Thiên Tử(0,47)
//Mix Vũ khí Cấp 7 Lên VKR Cấp 1                                                                                              
61			0		 1			20				20			13			     -1		 -1		  -1	-1			-1	 	      //Cuồng Phong Đao(0,20)
61			1		 1			21				21			13			     -1		 -1		  -1	-1			-1	 	      //Đao Sinh Mệnh(0,21)
61			2		 1			34				34			13			     -1		 -1		  -1	-1			-1	 	      //Nắm Đấm quyền Lực(0,34)
61			3		 1			1036			1036		13			     -1		 -1		  -1	-1			-1	 	      //Trượng Đại Vương(2,12)
61			4		 1			2067			2067		13			     -1		 -1		  -1	-1			-1	 	      //Nỏ Thánh Nữ(5,19)
61			5		 1			2573			2573		13			     -1		 -1		  -1	-1			-1	 	      //Gậy Thiên Sứ(5,13)
61			6		 1			2594			2594		13			     -1		 -1		  -1	-1			-1	 	      //Gậy Hồng Ngọc(5,34)


//Đồ Cấp 5
66			0		1			3600			3600		13			     -1		 -1		  -1	-1			-1	 	      //Sét Hắc Long
66			1		1			4112			4112		13			     -1		 -1		  -1	-1			-1	 	      //Sét Hắc Long
66			2		1			4624			4624		13			     -1		 -1		  -1	-1			-1	 	      //Sét Hắc Long
66			3		1			5136			5136		13			     -1		 -1		  -1	-1			-1	 	      //Sét Hắc Long
66			4		1			5648			5648		13			     -1		 -1		  -1	-1			-1	 	      //Sét Hắc Long

66			5		1			3619			3619		13			     -1		 -1		  -1	-1			-1	 	      //Sét Ánh Trăng
66			6		1			4131			4131		13			     -1		 -1		  -1	-1			-1	 	      //Sét Ánh Trăng
66			7		1			4643			4643		13			     -1		 -1		  -1	-1			-1	 	      //Sét Ánh Trăng
66			8		1			5155			5155		13			     -1		 -1		  -1	-1			-1	 	      //Sét Ánh Trăng
66			9		1			5667			5667		13			     -1		 -1		  -1	-1			-1	 	      //Sét Ánh Trăng

66			10		1			3620			3620		13			     -1		 -1		  -1	-1			-1	 	      //Sét Nữ Thần
66			11		1			4132			4132		13			     -1		 -1		  -1	-1			-1	 	      //Sét Nữ Thần
66			12		1			4644			4644		13			     -1		 -1		  -1	-1			-1	 	      //Sét Nữ Thần
66			13		1			5156			5156		13			     -1		 -1		  -1	-1			-1	 	      //Sét Nữ Thần
66		    14		1			5668			5668		13			     -1		 -1		  -1	-1			-1	 	      //Sét Nữ Thần

66			15		1			4133			4133		13			     -1		 -1		  -1	-1			-1	 	      //Sét Hỏa Thần
66			16		1			4645			4645		13			     -1		 -1		  -1	-1			-1	 	      //Sét Hỏa Thần
66			17		1			5157			5157		13			     -1		 -1		  -1	-1			-1	 	      //Sét Hỏa Thần
66			18		1			5669			5669		13			     -1		 -1		  -1	-1			-1	 	      //Sét Hỏa Thần

66			19		1			3611			3611		13			     -1		 -1		  -1	-1			-1	 	      //Sét Hắc Vương
66			20		1			4123			4123		13			     -1		 -1		  -1	-1			-1	 	      //Sét Hắc Vương
66			21		1			4635			4635		13			     -1		 -1		  -1	-1			-1	 	      //Sét Hắc Vương
66			22		1			5147			5147		13			     -1		 -1		  -1	-1			-1	 	      //Sét Hắc Vương
66		    23		1			5659			5659		13			     -1		 -1		  -1	-1			-1	 	      //Sét Hắc Vương

66			24		1			3624			3624		13			     -1		 -1		  -1	-1			-1	 	      //Sét Hỏa Thiên
66			25		1			4136			4136		13			     -1		 -1		  -1	-1			-1	 	      //Sét Hỏa Thiên
66			26		1			4648			4648		13			     -1		 -1		  -1	-1			-1	 	      //Sét Hỏa Thiên
66			27		1			5160			5160		13			     -1		 -1		  -1	-1			-1	 	      //Sét Hỏa Thiên
66		    28		1			5672			5672		13			     -1		 -1		  -1	-1			-1	 	      //Sét Hỏa Thiên

66			29		1			3643			3643		13			     -1		 -1		  -1	-1			-1	 	      //Sét Địa Long
66			30		1			4155			4155		13			     -1		 -1		  -1	-1			-1	 	      //Sét Địa Long
66			31		1			4667			4667		13			     -1		 -1		  -1	-1			-1	 	      //Sét Địa Long
66		    32		1			5691			5691		13			     -1		 -1		  -1	-1			-1	 	      //Sét Địa Long
//----------------------------------------------------------------Vật Phẩm Nâng Cấp Đồ Cấp 6 -> 7------------------------------------------------------------------------
//Đồ Cấp 6
67			0		1			3601			3601		13			     -1		 -1		  -1	-1			-1	 	      //Sét Rồng Xanh
67			1		1			4113			4113		13			     -1		 -1		  -1	-1			-1	 	      //Sét Rồng Xanh
67			2		1			4625			4625		13			     -1		 -1		  -1	-1			-1	 	      //Sét Rồng Xanh
67			3		1			5137			5137		13			     -1		 -1		  -1	-1			-1	 	      //Sét Rồng Xanh
67			4		1			5649			5649		13			     -1		 -1		  -1	-1			-1	 	      //Sét Rồng Xanh

67			5		1			3602			3602		13			     -1		 -1		  -1	-1			-1	 	      //Sét Triệu Hồn
67			6		1			4114			4114		13			     -1		 -1		  -1	-1			-1	 	      //Sét Triệu Hồn
67			7		1			4626			4626		13			     -1		 -1		  -1	-1			-1	 	      //Sét Triệu Hồn
67			8		1			5138			5138		13			     -1		 -1		  -1	-1			-1	 	      //Sét Triệu Hồn
67			9		1			5650			5650		13			     -1		 -1		  -1	-1			-1	 	      //Sét Triệu Hồn

67			10		1			3603			3603		13			     -1		 -1		  -1	-1			-1	 	      //Sét Giai Nhân
67			11		1			4115			4115		13			     -1		 -1		  -1	-1			-1	 	      //Sét Giai Nhân
67			12		1			4627			4627		13			     -1		 -1		  -1	-1			-1	 	      //Sét Giai Nhân
67			13		1			5139			5139		13			     -1		 -1		  -1	-1			-1	 	      //Sét Giai Nhân
67		    14		1			5651			5651		13			     -1		 -1		  -1	-1			-1	 	      //Sét Giai Nhân

67			15		1			4116			4116		13			     -1		 -1		  -1	-1			-1	 	      //Sét Lôi Phong
67			16		1			4628			4628		13			     -1		 -1		  -1	-1			-1	 	      //Sét Lôi Phong
67			17		1			5140			5140		13			     -1		 -1		  -1	-1			-1	 	      //Sét Lôi Phong
67			18		1			5652			5652		13			     -1		 -1		  -1	-1			-1	 	      //Sét Lôi Phong

67			19		1			3622			3622		13			     -1		 -1		  -1	-1			-1	 	      //Sét Hoàng Kim
67			20		1			4134			4134		13			     -1		 -1		  -1	-1			-1	 	      //Sét Hoàng Kim
67			21		1			4646			4646		13			     -1		 -1		  -1	-1			-1	 	      //Sét Hoàng Kim
67			22		1			5158			5158		13			     -1		 -1		  -1	-1			-1	 	      //Sét Hoàng Kim
67		    23		1			5670			5670		13			     -1		 -1		  -1	-1			-1	 	      //Sét Hoàng Kim

67			24		1			3625			3625		13			     -1		 -1		  -1	-1			-1	 	      //Sét Ma Pháp
67			25		1			4137			4137		13			     -1		 -1		  -1	-1			-1	 	      //Sét Ma Pháp
67			26		1			4649			4649		13			     -1		 -1		  -1	-1			-1	 	      //Sét Ma Pháp
67			27		1			5161			5161		13			     -1		 -1		  -1	-1			-1	 	      //Sét Ma Pháp
67		    28		1			5673			5673		13			     -1		 -1		  -1	-1			-1	 	      //Sét Ma Pháp

67			29		1			3644			3644		13			     -1		 -1		  -1	-1			-1	 	      //Sét Bạch Hổ
67			30		1			4156			4156		13			     -1		 -1		  -1	-1			-1	 	      //Sét Bạch Hổ
67			31		1			4668			4668		13			     -1		 -1		  -1	-1			-1	 	      //Sét Bạch Hổ
67		    32		1			5692			5692		13			     -1		 -1		  -1	-1			-1	 	      //Sét Bạch Hổ
//----------------------------------------------------------------Vật Phẩm Nâng Cấp Đồ Cấp 7 -> 380------------------------------------------------------------------------
//Đồ Cấp 7
68			0		1			3605			3605		13			     -1		 -1		  -1	-1			-1	 	      //Sét Thần Long
68			1		1			4117			4117		13			     -1		 -1		  -1	-1			-1	 	      //Sét Thần Long
68			2		1			4629			4629		13			     -1		 -1		  -1	-1			-1	 	      //Sét Thần Long
68			3		1			5141			5141		13			     -1		 -1		  -1	-1			-1	 	      //Sét Thần Long
68			4		1			5653			5653		13			     -1		 -1		  -1	-1			-1	 	      //Sét Thần Long

68			5		1			3606			3606		13			     -1		 -1		  -1	-1			-1	 	      //Sét Ma Vương
68			6		1			4118			4118		13			     -1		 -1		  -1	-1			-1	 	      //Sét Ma Vương
68			7		1			4630			4630		13			     -1		 -1		  -1	-1			-1	 	      //Sét Ma Vương
68			8		1			5142			5142		13			     -1		 -1		  -1	-1			-1	 	      //Sét Ma Vương
68			9		1			5654			5654		13			     -1		 -1		  -1	-1			-1	 	      //Sét Ma Vương

68			10		1			3608			3608		13			     -1		 -1		  -1	-1			-1	 	      //Sét Thánh Nữ
68			11		1			4120			4120		13			     -1		 -1		  -1	-1			-1	 	      //Sét Thánh Nữ
68			12		1			4632			4632		13			     -1		 -1		  -1	-1			-1	 	      //Sét Thánh Nữ
68			13		1			5144			5144		13			     -1		 -1		  -1	-1			-1	 	      //Sét Thánh Nữ
68		    14		1			5656			5656		13			     -1		 -1		  -1	-1			-1	 	      //Sét Thánh Nữ

68			15		1			4119			4119		13			     -1		 -1		  -1	-1			-1	 	      //Sét Cuồng Phong
68			16		1			4631			4631		13			     -1		 -1		  -1	-1			-1	 	      //Sét Cuồng Phong
68			17		1			5143			5143		13			     -1		 -1		  -1	-1			-1	 	      //Sét Cuồng Phong
68			18		1			5655			5655		13			     -1		 -1		  -1	-1			-1	 	      //Sét Cuồng Phong

68			19		1			3612			3612		13			     -1		 -1		  -1	-1			-1	 	      //Sét Chí Tôn
68			20		1			4124			4124		13			     -1		 -1		  -1	-1			-1	 	      //Sét Chí Tôn
68			21		1			4636			4636		13			     -1		 -1		  -1	-1			-1	 	      //Sét Chí Tôn
68			22		1			5148			5148		13			     -1		 -1		  -1	-1			-1	 	      //Sét Chí Tôn
68		    23		1			5660			5660		13			     -1		 -1		  -1	-1			-1	 	      //Sét Chí Tôn

68			24		1			3626			3626		13			     -1		 -1		  -1	-1			-1	 	      //Sét Phục Ma
68			25		1			4138			4138		13			     -1		 -1		  -1	-1			-1	 	      //Sét Phục Ma
68			26		1			4650			4650		13			     -1		 -1		  -1	-1			-1	 	      //Sét Phục Ma
68			27		1			5162			5162		13			     -1		 -1		  -1	-1			-1	 	      //Sét Phục Ma
68		    28		1			5674			5674		13			     -1		 -1		  -1	-1			-1	 	      //Sét Phục Ma

68			29		1			3645			3645		13			     -1		 -1		  -1	-1			-1	 	      //Sét Quyền Lực
68			30		1			4157			4157		13			     -1		 -1		  -1	-1			-1	 	      //Sét Quyền Lực
68			31		1			4669			4669		13			     -1		 -1		  -1	-1			-1	 	      //Sét Quyền Lực
68		    32		1			5693			5693		13			     -1		 -1		  -1	-1			-1	 	      //Sét Quyền Lực
//----------------------------------------------------------------Vật Phẩm Nâng Cấp Đồ Cấp 380 -> 400------------------------------------------------------------------------
//Đồ 380
69			0		1			3613			3613		13			     -1		 -1		  -1	-1			-1	 	      //Sét Quyền Năng
69			1		1			4125			4125		13			     -1		 -1		  -1	-1			-1	 	      //Sét Quyền Năng
69			2		1			4637			4637		13			     -1		 -1		  -1	-1			-1	 	      //Sét Quyền Năng
69			3		1			5149			5149		13			     -1		 -1		  -1	-1			-1	 	      //Sét Quyền Năng
69			4		1			5661			5661		13			     -1		 -1		  -1	-1			-1	 	      //Sét Quyền Năng

69			5		1			3614			3614		13			     -1		 -1		  -1	-1			-1	 	      //Sét Thần Ma
69			6		1			4126			4126		13			     -1		 -1		  -1	-1			-1	 	      //Sét Thần Ma
69			7		1			4638			4638		13			     -1		 -1		  -1	-1			-1	 	      //Sét Thần Ma
69			8		1			5150			5150		13			     -1		 -1		  -1	-1			-1	 	      //Sét Thần Ma
69			9		1			5662			5662		13			     -1		 -1		  -1	-1			-1	 	      //Sét Thần Ma

69			10		1			3615			3615		13			     -1		 -1		  -1	-1			-1	 	      //Sét Thái Bình
69			11		1			4127			4127		13			     -1		 -1		  -1	-1			-1	 	      //Sét Thái Bình
69			12		1			4639			4639		13			     -1		 -1		  -1	-1			-1	 	      //Sét Thái Bình
69			13		1			5151			5151		13			     -1		 -1		  -1	-1			-1	 	      //Sét Thái Bình
69		    14		1			5663			5663		13			     -1		 -1		  -1	-1			-1	 	      //Sét Thái Bình

69			15		1			4128			4128		13			     -1		 -1		  -1	-1			-1	 	      //Sét Hồng Long
69			16		1			4640			4640		13			     -1		 -1		  -1	-1			-1	 	      //Sét Hồng Long
69			17		1			5152			5152		13			     -1		 -1		  -1	-1			-1	 	      //Sét Hồng Long
69			18		1			5664			5664		13			     -1		 -1		  -1	-1			-1	 	      //Sét Hồng Long

69			19		1			3617			3617		13			     -1		 -1		  -1	-1			-1	 	      //Sét Thái Dương
69			20		1			4129			4129		13			     -1		 -1		  -1	-1			-1	 	      //Sét Thái Dương
69			21		1			4641			4641		13			     -1		 -1		  -1	-1			-1	 	      //Sét Thái Dương
69			22		1			5153			5153		13			     -1		 -1		  -1	-1			-1	 	      //Sét Thái Dương
69		    23		1			5665			5665		13			     -1		 -1		  -1	-1			-1	 	      //Sét Thái Dương

69			24		1			3627			3627		13			     -1		 -1		  -1	-1			-1	 	      //Sét Bão Điện
69			25		1			4139			4139		13			     -1		 -1		  -1	-1			-1	 	      //Sét Bão Điện
69			26		1			4651			4651		13			     -1		 -1		  -1	-1			-1	 	      //Sét Bão Điện
69			27		1			5163			5163		13			     -1		 -1		  -1	-1			-1	 	      //Sét Bão Điện
69		    28		1			5675			5675		13			     -1		 -1		  -1	-1			-1	 	      //Sét Bão Điện

69			29		1			3657			3657		13			     -1		 -1		  -1	-1			-1	 	      //Sét Bạch Long
69			30		1			4169			4169		13			     -1		 -1		  -1	-1			-1	 	      //Sét Bạch Long
69			31		1			4681			4681		13			     -1		 -1		  -1	-1			-1	 	      //Sét Bạch Long
69		    32		1			5705			5705		13			     -1		 -1		  -1	-1			-1	 	      //Sét Bạch Long
//================================================================================VIP=====================================================================================
//Index    Group    Count   ItemIndexMin   ItemIndexMax  MinItemLevel  Skill   Luck    Option  Excelent  ItemSetOption
70			0		1			17			    17			13			     -1		 -1		  -1	-1			-1	 	      //Thiên Ma Kiếm
70			1		1			31			    31			13			     -1		 -1		  -1	-1			-1	 	      //Ảo Ảnh Đao		
70			2		1			32			    32			13			     -1		 -1		  -1	-1			-1	 	      //Nắm Đấm Địa Long
70			3		1			1035		    1035		13			     -1		 -1		  -1	-1			-1	 	      //Trượng Kim Cương
70			4		1			2065			2065		13			     -1		 -1		  -1	-1			-1	 	      //Cung Thiên Mệnh
70			5		1			2569			2569		13			     -1		 -1		  -1	-1			-1	 	      //Gậy Triệu Hồn
70			6		1			2576			2576		13			     -1		 -1		  -1	-1			-1	 	      //Gậy Triệu Hồi
70			7		1			2581		    2581		13			     -1		 -1		  -1	-1			-1	 	      //Sách Hỏa Kỳ Lân
//=====================================================================================================================================================================
//Index    Group    Count   ItemIndexMin   ItemIndexMax  MinItemLevel  Skill   Luck    Option  Excelent  ItemSetOption
71			0		1			24			    24			13			     -1		 -1		  -1	-1			-1	 	      //Ỷ Thiên Đao
71			1		1			25			    25			13			     -1		 -1		  -1	-1			-1	 	      //Hỏa Tinh Kiếm
71			2		1			33			    33			13			     -1		 -1		  -1	-1			-1	 	      //Nắm Đấm Bạch Hổ
71			3		1			1039		    1039		13			     -1		 -1		  -1	-1			-1	 	      //Trượng Tối Cao
71			4		1			2070			2070		13			     -1		 -1		  -1	-1			-1	 	      //Cung Thiên Thần
71			5		1			2571			2571		13			     -1		 -1		  -1	-1			-1	 	      //Gậy KunDun
71			6		1			2577			2577		13			     -1		 -1		  -1	-1			-1	 	      //Gậy Ánh Bạc
71			7		1			2582		    2582		13			     -1		 -1		  -1	-1			-1	 	      //Sách Quỷ Kiếm
//=====================================================================================================================================================================
72			0		 1			22			    22			13			     -1		 -1		  -1	-1			-1	 	      //Đao Quyền Năng
72			1		 1			1038		    1038		13			     -1		 -1		  -1	-1			-1	 	      //Trượng Thái Dương
72			2		 1			2069		    2069		13			     -1		 -1		  -1	-1			-1	 	      //Cung Thái Bình
72			3		 1			2572		    2572		13			     -1		 -1		  -1	-1			-1	 	      //Gậy Thần Ma
72			4		 1			2579		    2579		13			     -1		 -1		  -1	-1			-1	 	      //Khuyển Bão Điện
72			5		 1			35			    35			13			     -1		 -1		  -1	-1			-1	 	      //Vuốt Phượng Hoàng
72			6		 1			23			    23			13			     -1		 -1		  -1	-1			-1	 	      //Đao Hồng Long
//=====================================================================================================================================================================
73			0		 1			6147			6150		11			     -1		 -1		  -1	-1			-1	 	      //Cánh Cấp 2 ELF,DK,DW,MG
73			1		 1			6186			6186		11			     -1		 -1		  -1	-1			-1	 	      //Cánh Cấp 2 SUM
73			2		 1			6193			6193		11			     -1		 -1		  -1	-1			-1	 	      //Cánh Cấp 2 RF
73			3		 1			6686			6686		11			     -1		 -1		  -1	-1			-1	 	      //Cánh Cấp 2 DL

74			0		 1			6147			6150		11			     -1		 -1		  -1	-1			-1	 	      //Cánh Cấp 2 ELF,DK,DW,MG
74			1		 1			6186			6186		11			     -1		 -1		  -1	-1			-1	 	      //Cánh Cấp 2 SUM
74			2		 1			6193			6193		11			     -1		 -1		  -1	-1			-1	 	      //Cánh Cấp 2 RF
74			3		 1			6686			6686		11			     -1		 -1		  -1	-1			-1	 	      //Cánh Cấp 2 DL

75			0		 1			6147			6150		11			     -1		 -1		  -1	-1			-1	 	      //Cánh Cấp 2 ELF,DK,DW,MG
75			1		 1			6186			6186		11			     -1		 -1		  -1	-1			-1	 	      //Cánh Cấp 2 SUM
75			2		 1			6193			6193		11			     -1		 -1		  -1	-1			-1	 	      //Cánh Cấp 2 RF
75			3		 1			6686			6686		11			     -1		 -1		  -1	-1			-1	 	      //Cánh Cấp 2 DL

76			0		 1			6147			6150		11			     -1		 -1		  -1	-1			-1	 	      //Cánh Cấp 2 ELF,DK,DW,MG
76			1		 1			6186			6186		11			     -1		 -1		  -1	-1			-1	 	      //Cánh Cấp 2 SUM
76			2		 1			6193			6193		11			     -1		 -1		  -1	-1			-1	 	      //Cánh Cấp 2 RF
76			3		 1			6686			6686		11			     -1		 -1		  -1	-1			-1	 	      //Cánh Cấp 2 DL

77			0		 1			6180	        6180		11			     -1		 -1		  -1	-1			-1	 	      //Cánh Cuồng Phong
77			1		 1			6181	        6181		11			     -1		 -1		  -1	-1			-1	 	      //Cánh Thiên Sứ
77			2		 1			6182	        6182		11			     -1		 -1		  -1	-1			-1	 	      //Cánh Ngũ Sắc 
77			3		 1			6183	        6183		11			     -1		 -1		  -1	-1			-1	 	      //Cánh Lôi Vũ 
77			4		 1			6184	        6184		11			     -1		 -1		  -1	-1			-1	 	      //Áo Choàng Đế Vương 
77			5		 1			6187	        6187		11			     -1		 -1		  -1	-1			-1	 	      //Cánh Phượng Hoàng 
77			6		 1			6194	        6194		11			     -1		 -1		  -1	-1			-1	 	      //Áo Choàng Uy Quyền 

78			0		 1			6300			6306		11			     -1		 -1		  -1	-1			-1	 	      //Cánh 4 all Class


end

3
//================================================================================KẾT QUẢ=====================================================================================
//Index		Group	ItemIndexMin	ItemIndexMax	ItemLevel	Skill	Luck	Option	   Exc		ItemSetOption        Socket1       Socket2       Socket3       Socket4       Socket5          Name Item
//Vũ Khí Rồng Cấp 2	
60			0		22			    22				0			1		1		0		    1			0		 	      255			 255		  	255		 	255		 	    255		        //Đao Quyền Năng
60			1		1038		    1038			0			1		1		0		    1			0		 	      255			 255		  	255		 	255		 	    255		        //Trượng Thái Dương
60			2		2069		    2069			0			1		1		0		    1			0		 	      255			 255		  	255		 	255		 	    255		        //Cung Thái Bình
60			3		2572		    2572			0			1		1		0		    1			0		 	      255			 255		  	255		 	255		 	    255		        //Gậy Thần Ma
60			4		2579		    2579			0			1		1		0		    1			0		 	      255			 255		  	255		 	255		 	    255             //Khuyển Bão Điện
60			5		35			    35				0			1		1		0		    1			0		 	      255			 255		  	255		 	255		 	    255             //Vuốt Phượng Hoàng
60			6		23			    23				0			1		1		0		    1			0		 	      255			 255		  	255		 	255		 	    255             //Đao Hồng Long
//Vũ Khí Rồng Cấp 1                                                                                                                                                                               
61			0		 19				19			    0			0		1		0		    1			0			      255			 255			255			255			    255            //Thiên tử kiếm(0,19)
61			1		 85				85			    0			0		1		0		    1			0			      255			 255			255			255			    255            //Trượng Thiên Tử(2,13)
61			2		 60				60			    0			0		1		0		    1			0			      255			 255			255			255			    255            //Nỏ Hoả Long(4,18)
61			3		 1037			1037		    0			0		1		0		    1			0			      255			 255			255			255			    255            //Gậy Hỏa Long(5,10)
61			4		 2066			2066		    0			0		1		0		    1			0			      255			 255			255			255			    255            //Gậy Thiên Nữ(5,36)
61			5		 2570			2570		    0			0		1		0		    1			0			      255			 255			255			255			    255            //Vuốt Thiên Tử(0,60)
61			6		 2596			2596		    0			0		1		0		    1			0			      255			 255			255			255			    255            //Đao Thiên Tử(0,85)
//Index		Group	ItemIndexMin	ItemIndexMax	ItemLevel	Skill	Luck	Option	   Exc		ItemSetOption        Socket1       Socket2       Socket3       Socket4       Socket5          Name Item
//Đồ Cấp 5->6                                                                                                                                                                                               
66			0		3601			3601			0			0		1		1		    1			0			      255			255			    255			255			    255                //Sét Rồng Xanh
66			1		4113			4113			0			0		1		1		    1			0			      255			255			    255			255			    255                //Sét Rồng Xanh
66			2		4625			4625			0			0		1		1		    1			0			      255			255			    255			255			    255                //Sét Rồng Xanh
66			3		5137			5137			0			0		1		1		    1			0			      255			255			    255			255			    255                //Sét Rồng Xanh
66			4		5649			5649			0			0		1		1		    1			0			      255			255			    255			255			    255                //Sét Rồng Xanh

66			5		3602			3602			0			0		1		1		    1			0			      255			255			    255			255			    255                 //Sét Triệu Hồn
66			6		4114			4114			0			0		1		1		    1			0			      255			255			    255			255			    255                 //Sét Triệu Hồn
66			7		4626			4626			0			0		1		1		    1			0			      255			255			    255			255			    255                 //Sét Triệu Hồn
66			8		5138			5138			0			0		1		1		    1			0			      255			255			    255			255			    255                 //Sét Triệu Hồn
66			9		5650			5650			0			0		1		1		    1			0			      255			255			    255			255			    255                 //Sét Triệu Hồn

66			10		3603			3603			0			0		1		1		    1			0			      255			255			    255			255			    255                  //Sét Giai Nhân
66			11		4115			4115			0			0		1		1		    1			0			      255			255			    255			255			    255                  //Sét Giai Nhân
66			12		4627			4627			0			0		1		1		    1			0			      255			255			    255			255			    255                  //Sét Giai Nhân
66			13		5139			5139			0			0		1		1		    1			0			      255			255			    255			255			    255                  //Sét Giai Nhân
66		    14		5651			5651			0			0		1		1		    1			0			      255			255			    255			255			    255                  //Sét Giai Nhân

66			15		4116			4116			0			0		1		1		    1			0			      255			255			    255			255			    255                 //Sét Lôi Phong
66			16		4628			4628			0			0		1		1		    1			0			      255			255			    255			255			    255                 //Sét Lôi Phong
66			17		5140			5140			0			0		1		1		    1			0			      255			255			    255			255			    255                 //Sét Lôi Phong
66			18		5652			5652			0			0		1		1		    1			0			      255			255			    255			255			    255                 //Sét Lôi Phong

66			19		3622			3622			0			0		1		1		    1			0			      255			255			    255			255			    255                   //Sét Hoàng Kim
66			20		4134			4134			0			0		1		1		    1			0			      255			255			    255			255			    255                   //Sét Hoàng Kim
66			21		4646			4646			0			0		1		1		    1			0			      255			255			    255			255			    255                   //Sét Hoàng Kim
66			22		5158			5158			0			0		1		1		    1			0			      255			255			    255			255			    255                   //Sét Hoàng Kim
66		    23		5670			5670			0			0		1		1		    1			0			      255			255			    255			255			    255                   //Sét Hoàng Kim

66			24		3625			3625			0			0		1		1		    1			0			      255			255			    255			255			    255                  //Sét Ma Pháp
66			25		4137			4137			0			0		1		1		    1			0			      255			255			    255			255			    255                  //Sét Ma Pháp
66			26		4649			4649			0			0		1		1		    1			0			      255			255			    255			255			    255                  //Sét Ma Pháp
66			27		5161			5161			0			0		1		1		    1			0			      255			255			    255			255			    255                  //Sét Ma Pháp
66		    28		5673			5673			0			0		1		1		    1			0			      255			255			    255			255			    255                  //Sét Ma Pháp

66			29		3644			3644			0			0		1		1		    1			0			      255			255			    255			255			    255                 //Sét Bạch Hổ
66			30		4156			4156			0			0		1		1		    1			0			      255			255			    255			255			    255                 //Sét Bạch Hổ
66			31		4668			4668			0			0		1		1		    1			0			      255			255			    255			255			    255                 //Sét Bạch Hổ
66		    32		5692			5692			0			0		1		1		    1			0			      255			255			    255			255			    255                 //Sét Bạch Hổ
//Index		Group	ItemIndexMin	ItemIndexMax	ItemLevel	Skill	Luck	Option	   Exc		ItemSetOption        Socket1       Socket2       Socket3       Socket4       Socket5              Name Item
//Đồ Cấp 6->7                                                                                                                                                                                         
67			0		3605			3605			0			0		1		1		    1			0			      255			255			    255			255			    255                 //Sét Thần Long
67			1		4117			4117			0			0		1		1		    1			0			      255			255			    255			255			    255                 //Sét Thần Long
67			2		4629			4629			0			0		1		1		    1			0			      255			255			    255			255			    255                 //Sét Thần Long
67			3		5141			5141			0			0		1		1		    1			0			      255			255			    255			255			    255                 //Sét Thần Long
67			4		5653			5653			0			0		1		1		    1			0			      255			255			    255			255			    255                 //Sét Thần Long

67			5		3606			3606			0			0		1		1		    1			0			      255			255			    255			255			    255                 //Sét Ma Vương
67			6		4118			4118			0			0		1		1		    1			0			      255			255			    255			255			    255                 //Sét Ma Vương
67			7		4630			4630			0			0		1		1		    1			0			      255			255			    255			255			    255                 //Sét Ma Vương
67			8		5142			5142			0			0		1		1		    1			0			      255			255			    255			255			    255                 //Sét Ma Vương
67			9		5654			5654			0			0		1		1		    1			0			      255			255			    255			255			    255                 //Sét Ma Vương

67			10		3608			3608			0			0		1		1		    1			0			      255			255			    255			255			    255                  //Sét Thánh Nữ
67			11		4120			4120			0			0		1		1		    1			0			      255			255			    255			255			    255                  //Sét Thánh Nữ
67			12		4632			4632			0			0		1		1		    1			0			      255			255			    255			255			    255                  //Sét Thánh Nữ
67			13		5144			5144			0			0		1		1		    1			0			      255			255			    255			255			    255                  //Sét Thánh Nữ
67		    14		5656			5656			0			0		1		1		    1			0			      255			255			    255			255			    255                  //Sét Thánh Nữ

67			15		4119			4119			0			0		1		1		    1			0			      255			255			    255			255			    255                  //Sét Cuồng Phong
67			16		4631			4631			0			0		1		1		    1			0			      255			255			    255			255			    255                  //Sét Cuồng Phong
67			17		5143			5143			0			0		1		1		    1			0			      255			255			    255			255			    255                  //Sét Cuồng Phong
67			18		5655			5655			0			0		1		1		    1			0			      255			255			    255			255			    255                  //Sét Cuồng Phong

67			19		3612			3612			0			0		1		1		    1			0			      255			255			    255			255			    255                 //Sét Chí Tôn
67			20		4124			4124			0			0		1		1		    1			0			      255			255			    255			255			    255                 //Sét Chí Tôn
67			21		4636			4636			0			0		1		1		    1			0			      255			255			    255			255			    255                 //Sét Chí Tôn
67			22		5148			5148			0			0		1		1		    1			0			      255			255			    255			255			    255                 //Sét Chí Tôn
67		    23		5660			5660			0			0		1		1		    1			0			      255			255			    255			255			    255                 //Sét Chí Tôn

67			24		3626			3626			0			0		1		1		    1			0			      255			255			    255			255			    255                  //Sét Phục Ma
67			25		4138			4138			0			0		1		1		    1			0			      255			255			    255			255			    255                  //Sét Phục Ma
67			26		4650			4650			0			0		1		1		    1			0			      255			255			    255			255			    255                  //Sét Phục Ma
67			27		5162			5162			0			0		1		1		    1			0			      255			255			    255			255			    255                  //Sét Phục Ma
67		    28		5674			5674			0			0		1		1		    1			0			      255			255			    255			255			    255                  //Sét Phục Ma

67			29		3645			3645			0			0		1		1		    1			0			      255			255			    255			255			    255                   //Sét Quyền Lực
67			30		4157			4157			0			0		1		1		    1			0			      255			255			    255			255			    255                   //Sét Quyền Lực
67			31		4669			4669			0			0		1		1		    1			0			      255			255			    255			255			    255                   //Sét Quyền Lực
67		    32		5693			5693			0			0		1		1		    1			0			      255			255			    255			255			    255                   //Sét Quyền Lực
//Index		Group	ItemIndexMin	ItemIndexMax	ItemLevel	Skill	Luck	Option	   Exc		ItemSetOption        Socket1       Socket2       Socket3       Socket4       Socket5                 Name Item
//Đồ Cấp 7->380
68			0		3613			3613			0			0		1		1		    1			0			      255			255			    255			255			    255                  //Sét Quyền Năng
68			1		4125			4125			0			0		1		1		    1			0			      255			255			    255			255			    255                  //Sét Quyền Năng
68			2		4637			4637			0			0		1		1		    1			0			      255			255			    255			255			    255                  //Sét Quyền Năng
68			3		5149			5149			0			0		1		1		    1			0			      255			255			    255			255			    255                  //Sét Quyền Năng
68			4		5661			5661			0			0		1		1		    1			0			      255			255			    255			255			    255                  //Sét Quyền Năng

68			5		3614			3614			0			0		1		1		    1			0			      255			255			    255			255			    255                   //Sét Thần Ma
68			6		4126			4126			0			0		1		1		    1			0			      255			255			    255			255			    255                   //Sét Thần Ma
68			7		4638			4638			0			0		1		1		    1			0			      255			255			    255			255			    255                   //Sét Thần Ma
68			8		5150			5150			0			0		1		1		    1			0			      255			255			    255			255			    255                   //Sét Thần Ma
68			9		5662			5662			0			0		1		1		    1			0			      255			255			    255			255			    255                   //Sét Thần Ma

68			10		3615			3615			0			0		1		1		    1			0			      255			255			    255			255			    255                   //Sét Thái Bình
68			11		4127			4127			0			0		1		1		    1			0			      255			255			    255			255			    255                   //Sét Thái Bình
68			12		4639			4639			0			0		1		1		    1			0			      255			255			    255			255			    255                   //Sét Thái Bình
68			13		5151			5151			0			0		1		1		    1			0			      255			255			    255			255			    255                   //Sét Thái Bình
68		    14		5663			5663			0			0		1		1		    1			0			      255			255			    255			255			    255                   //Sét Thái Bình

68			15		4128			4128			0			0		1		1		    1			0			      255			255			    255			255			    255                   //Sét Hồng Longng
68			16		4640			4640			0			0		1		1		    1			0			      255			255			    255			255			    255                   //Sét Hồng Longng
68			17		5152			5152			0			0		1		1		    1			0			      255			255			    255			255			    255                   //Sét Hồng Longng
68			18		5664			5664			0			0		1		1		    1			0			      255			255			    255			255			    255                   //Sét Hồng Longng

68			19		3617			3617			0			0		1		1		    1			0			      255			255			    255			255			    255                    //Sét Thái Dương
68			20		4129			4129			0			0		1		1		    1			0			      255			255			    255			255			    255                    //Sét Thái Dương
68			21		4641			4641			0			0		1		1		    1			0			      255			255			    255			255			    255                    //Sét Thái Dương
68			22		5153			5153			0			0		1		1		    1			0			      255			255			    255			255			    255                    //Sét Thái Dương
68		    23		5665			5665			0			0		1		1		    1			0			      255			255			    255			255			    255                    //Sét Thái Dương

68			24		3627			3627			0			0		1		1		    1			0			      255			255			    255			255			    255                    //Sét Bão Điện
68			25		4139			4139			0			0		1		1		    1			0			      255			255			    255			255			    255                    //Sét Bão Điện
68			26		4651			4651			0			0		1		1		    1			0			      255			255			    255			255			    255                    //Sét Bão Điện
68			27		5163			5163			0			0		1		1		    1			0			      255			255			    255			255			    255                    //Sét Bão Điện
68		    28		5675			5675			0			0		1		1		    1			0			      255			255			    255			255			    255                    //Sét Bão Điện

68			29		3657			3657			0			0		1		1		    1			0			      255			255			    255			255			    255                   //Sét Bạch Long
68			30		4169			4169			0			0		1		1		    1			0			      255			255			    255			255			    255                   //Sét Bạch Long
68			31		4681			4681			0			0		1		1		    1			0			      255			255			    255			255			    255                   //Sét Bạch Long
68		    32		5705			5705			0			0		1		1		    1			0			      255			255			    255			255			    255                   //Sét Bạch Long
//Index		Group	ItemIndexMin	ItemIndexMax	ItemLevel	Skill	Luck	Option	   Exc		ItemSetOption        Socket1       Socket2       Socket3       Socket4       Socket5                    Name Item
//Đồ Cấp 380->400                                                                                                                                                                                           
69			0		3629			3630			0			0		1		1		    1			0			      255			255			    255			255			    255                   //Sét Titan + Hoàng Long
69			1		4141			4142			0			0		1		1		    1			0			      255			255			    255			255			    255                   //Sét Titan + Hoàng Long
69			2		4653			4654			0			0		1		1		    1			0			      255			255			    255			255			    255                   //Sét Titan + Hoàng Long
69			3		5165			5166			0			0		1		1		    1			0			      255			255			    255			255			    255                   //Sét Titan + Hoàng Long
69			4		5677			5678			0			0		1		1		    1			0			      255			255			    255			255			    255                   //Sét Titan + Hoàng Long

69			5		3636			3636			0			0		1		1		    1			0			      255			255			    255			255			    255                 //Sét Quỷ Vương
69			6		4148			4148			0			0		1		1		    1			0			      255			255			    255			255			    255                 //Sét Quỷ Vương
69			7		4660			4660			0			0		1		1		    1			0			      255			255			    255			255			    255                 //Sét Quỷ Vương
69			8		5172			5172			0			0		1		1		    1			0			      255			255			    255			255			    255                 //Sét Quỷ Vương
69			9		5684			5684			0			0		1		1		    1			0			      255			255			    255			255			    255                 //Sét Quỷ Vương

69			10		3633			3634			0			0		1		1		    1			0			      255			255			    255			255			    255                 //Sét Anh Vũ + Thiên Vũ
69			11		4145			4146			0			0		1		1		    1			0			      255			255			    255			255			    255                 //Sét Anh Vũ + Thiên Vũ
69			12		4657			4658			0			0		1		1		    1			0			      255			255			    255			255			    255                 //Sét Anh Vũ + Thiên Vũ
69			13		5169			5170			0			0		1		1		    1			0			      255			255			    255			255			    255                 //Sét Anh Vũ + Thiên Vũ
69		    14		5681			5682			0			0		1		1		    1			0			      255			255			    255			255			    255                 //Sét Anh Vũ + Thiên Vũ

69			15		4143			4144			0			0		1		1		    1			0			      255			255			    255			255			    255               //Sét Bóng Ma + Hủy Diệt
69			16		4655			4656			0			0		1		1		    1			0			      255			255			    255			255			    255               //Sét Bóng Ma + Hủy Diệt
69			17		5167			5168			0			0		1		1		    1			0			      255			255			    255			255			    255               //Sét Bóng Ma + Hủy Diệt
69			18		5679			5680			0			0		1		1		    1			0			      255			255			    255			255			    255               //Sét Bóng Ma + Hủy Diệt

69			19		3635			3635			0			0		1		1		    1			0			      255			255			    255			255			    255                //Sét Đế Vương
69			20		4147			4147			0			0		1		1		    1			0			      255			255			    255			255			    255                //Sét Đế Vương
69			21		4659			4659			0			0		1		1		    1			0			      255			255			    255			255			    255                //Sét Đế Vương
69			22		5171			5171			0			0		1		1		    1			0			      255			255			    255			255			    255                //Sét Đế Vương
69		    23		5683			5683			0			0		1		1		    1			0			      255			255			    255			255			    255                //Sét Đế Vương

69			24		3637			3637			0			0		1		1		    1			0			      255			255			    255			255			    255                  //Sét Chiêm Tinh
69			25		4149			4149			0			0		1		1		    1			0			      255			255			    255			255			    255                  //Sét Chiêm Tinh
69			26		4661			4661			0			0		1		1		    1			0			      255			255			    255			255			    255                  //Sét Chiêm Tinh
69			27		5173			5173			0			0		1		1		    1			0			      255			255			    255			255			    255                  //Sét Chiêm Tinh
69		    28		5685			5685			0			0		1		1		    1			0			      255			255			    255			255			    255                  //Sét Chiêm Tinh

69			29		3661			3661			0			0		1		1		    1			0			      255			255			    255			255			    255                 //Sét Huyết Long
69			30		4173			4173			0			0		1		1		    1			0			      255			255			    255			255			    255                 //Sét Huyết Long
69			31		4685			4685			0			0		1		1		    1			0			      255			255			    255			255			    255                 //Sét Huyết Long
69		    32		5709			5709			0			0		1		1		    1			0			      255			255			    255			255			    255                 //Sét Huyết Long
//====================================================================================VIP=========================================================================================================================
//Index		Group	ItemIndexMin	ItemIndexMax	ItemLevel	Skill	Luck	Option	   Exc		ItemSetOption        Socket1       Socket2       Socket3       Socket4       Socket5                    Name Item
70			0		24			    24				0			1		1		1		    1			0			      255			255			    255			255			    255                  //Ỷ Thiên Đao
70			1		25			    25				0			1		1		1		    1			0			      255			255			    255			255			    255                  //Hỏa Tinh Kiếm
70			2		33			    33				0			1		1		1		    1			0			      255			255			    255			255			    255                  //Nắm Đấm Bạch Hổ
70			3		1039		    1039			0			1		1		1		    1			0			      255			255			    255			255			    255                  //Trượng Tối Cao
70			4		2070			2070			0			1		1		1		    1			0			      255			255			    255			255			    255                  //Cung Thiên Thần
70			5		2571			2571			0			1		1		1		    1			0			      255			255			    255			255			    255                  //Gậy KunDun
70			6		2577			2577			0			1		1		1		    1			0			      255			255			    255			255			    255                  //Gậy Ánh Bạc
70			7		2582		    2582			0			0		1		1		    1			0			      255			255			    255			255			    255                  //Sách Quỷ Kiếm

71			0		20				20			    0			1		1		1		    1			0			      255			255			    255			255			    255                //Cuồng Phong Đao(0,20)
71			1		21				21			    0			1		1		1		    1			0			      255			255			    255			255			    255                //Đao Sinh Mệnh(0,21)
71			2		34				34			    0			1		1		1		    1			0			      255			255			    255			255			    255                //Nắm Đấm quyền Lực(0,34)
71		    3		1036			1036		    0			1		1		1		    1			0			      255			255			    255			255			    255                //Trượng Đại Vương(2,12)
71		    4		2067			2067		    0			1		1		1		    1			0			      255			255			    255			255			    255                //Nỏ Thánh Nữ(5,19)
71		    5		2573			2573		    0			1		1		1		    1			0			      255			255			    255			255			    255                //Gậy Thiên Sứ(5,13)
71		    6		2594			2594		    0			1		1		1		    1			0			      255			255			    255			255			    255                //Gậy Hồng Ngọc(5,34)
71		    7		2583			2583		    0			1		1		1		    1			0			      255			255			    255			255			    255                //Sách Ma Công(5,23)

72			0		26				27			    0			1		1		1		    1			0			      255			255			    255			255			     255               //(VK 400) Hỏa Long & Bích Ngọc
72			1		1041			1041			0			1		1		1		    1			0			      255			255			    255			255			     255               //(VK 400) Lôi Phong Trượng
72			2		2071			2071			0			1		1		1		    1			0			      255			255			    255			255			     255               //(VK 400) Cung Thiên Vũ
72		    3		2591			2591		    0			1		1		1		    1			0			      255			255			    255			255			     255               //(VK 400) Gậy Quỷ Vương
72		    4		2592			2592		    0			1		1		1		    1			0			      255			255			    255			255			     255               //(VK 400) Gậy Chiêm Tinh
72		    5		81			    81		        0			1		1		1		    1			0			      255			255			    255			255			     255               //(VK 400) Vuốt Huyết Long
72		    6		28			    28		        0			1		1		1		    1			0			      255			255			    255			255			     255               //(VK 400) Bá Vương Kiếm

73		    0		6299			6299		    0			1		1		1		    1			0			      255			255			    255			255			     255               //Áo Choàng Tử Thần
73		    1		6299			6299		    0			1		1		1		    1			0			      255			255			    255			255			     255               //Áo Choàng Tử Thần
73		    2		6299			6299		    0			1		1		1		    1			0			      255			255			    255			255			     255               //Áo Choàng Tử Thần
73		    3		6299			6299		    0			1		1		1		    1			0			      255			255			    255			255			     255               //Áo Choàng Tử Thần

74		    0		6294			6294		    0			1		1		1		    1			0			      255			255			    255			255			     255               //Cánh Hỗn Nguyên
74		    1		6294			6294		    0			1		1		1		    1			0			      255			255			    255			255			     255               //Cánh Hỗn Nguyên
74		    2		6294			6294		    0			1		1		1		    1			0			      255			255			    255			255			     255               //Cánh Hỗn Nguyên
74		    3		6294			6294		    0			1		1		1		    1			0			      255			255			    255			255			     255               //Cánh Hỗn Nguyên

75		    0		6295			6295		    0			1		1		1		    1			0			      255			255			    255			255			     255               //Cánh Ma Thuật
75		    1		6295			6295		    0			1		1		1		    1			0			      255			255			    255			255			     255               //Cánh Ma Thuật
75		    2		6295			6295		    0			1		1		1		    1			0			      255			255			    255			255			     255               //Cánh Ma Thuật
75		    3		6295			6295		    0			1		1		1		    1			0			      255			255			    255			255			     255               //Cánh Ma Thuật

76		    0		6296			6296		    0			1		1		1		    1			0			      255			255			    255			255			     255               //Cánh Hỏa Thần
76		    1		6296			6296		    0			1		1		1		    1			0			      255			255			    255			255			     255               //Cánh Hỏa Thần
76		    2		6296			6296		    0			1		1		1		    1			0			      255			255			    255			255			     255               //Cánh Hỏa Thần
76		    3		6296			6296		    0			1		1		1		    1			0			      255			255			    255			255			     255               //Cánh Hỏa Thần

77		    0		6301			6301		    0			1		1		1		    1			0			      255			255			    255			255			     255               //Cánh 4 ALL Class
77		    1		6300			6300		    0			1		1		1		    1			0			      255			255			    255			255			     255               //Cánh 4 ALL Class
77		    2		6302			6302		    0			1		1		1		    1			0			      255			255			    255			255			     255               //Cánh 4 ALL Class
77		    3		6303			6303		    0			1		1		1		    1			0			      255			255			    255			255			     255               //Cánh 4 ALL Class
77		    4		6304			6304		    0			1		1		1		    1			0			      255			255			    255			255			     255               //Cánh 4 ALL Class
77		    5		6305			6305		    0			1		1		1		    1			0			      255			255			    255			255			     255               //Cánh 4 ALL Class
77		    6		6306			6306		    0			1		1		1		    1			0			      255			255			    255			255			     255               //Cánh 4 ALL Class

78		    0		6297			6298		    0			1		1		1		    1			0			      255			255			    255			255			     255               //Cánh SS8

end

