//=================================================================================================================
//					FACEBOOK: https://www.facebook.com/mukynguyen/
//					Zalo + SĐT : BQT MU KỶ NGUYÊN
//					Name : MU KỶ NGUYÊN
//=======Cung Cấp Sever Mu Online========
//-Phiên Bản
//+DLL Clasic Cutsom Có Đủ
//+5.2 FPS 120 Siêu Mượt
//======Hỗ Trợ=========
//+Config Sever Theo Ý Muốn
//+Dịch Vụ VPS Hosting Tên Miền Antihack
//=================================================================================================================
//Group	Index	Level	Dur		Skill	Luck	Option	ExcOpt	Anc		JoH		Oex		Socket1	Socket2	Socket3	Socket4	Socket5	ItemName
7   		6		0		0		1		1		0		0		0	  0		  0		255	     255	 255	 255	 255	//trâu xanh 
7   		9		0		0		1		1		0		0		0	  0		  0		255	     255	 255	 255	 255	//thiết phiến	
7   		8		0		0		1		1		0		0		0	  0		  0		255	     255	 255	 255	 255	//địa long	
7    		59		0		0		1		1		0		0		0	  0		  0		255	     255	 255	 255	 255	//bạch hổ	
8   		6		0		0		1		1		0		0		0	  0		  0		255	     255	 255	 255	 255	//trâu xanh 
8   		9		0		0		1		1		0		0		0	  0		  0		255	     255	 255	 255	 255	//thiết phiến	
8   		8		0		0		1		1		0		0		0	  0		  0		255	     255	 255	 255	 255	//địa long	
8    		59		0		0		1		1		0		0		0	  0		  0		255	     255	 255	 255	 255	//bạch hổ	
9   		6		0		0		1		1		0		0		0	  0		  0		255	     255	 255	 255	 255	//trâu xanh 
9   		9		0		0		1		1		0		0		0	  0		  0		255	     255	 255	 255	 255	//thiết phiến	
9    		8		0		0		1		1		0		0		0	  0		  0		255	     255	 255	 255	 255	//bạch hổ	
9   		59		0		0		1		1		0		0		0	  0		  0		255	     255	 255	 255	 255	//địa long	
11   		6		0		0		1		1		0		0		0	  0		  0		255	     255	 255	 255	 255	//trâu xanh 
11   		9		0		0		1		1		0		0		0	  0		  0		255	     255	 255	 255	 255	//thiết phiến	
11    		8		0		0		1		1		0		0		0	  0		  0		255	     255	 255	 255	 255	//bạch hổ	
11   		59		0		0		1		1		0		0		0	  0		  0		255	     255	 255	 255	 255	//địa long	
0   		32		0		0		1		1		0		0		0	  0		  0		255		 255	 255	 255	 255		
0   		33		0		0		1		1		0		0		0	  0		  0		255		 255	 255	 255	 255		
15		  	30		0		0		0		0		0		0		0	  0		  0		255		 255	 255	 255	 255	 //Sách Vật Ngã
15		  	31		0		0		0		0		0		0		0	  0		  0		255		 255	 255	 255	 255	 //Sách Ảo Ảnh Liên Hoàn
15		  	32		0		0		0		0		0		0		0	  0		  0		255		 255	 255	 255	 255	 //Sách Gầm Thét
15		  	33		0		0		0		0		0		0		0	  0		  0		255		 255	 255	 255	 255	 //Sách Hơi Thở Rồng
15		  	34		0		0		0		0		0		0		0	  0		  0		255		 255	 255	 255	 255	 //Sách Xuyên Thấu
15		  	35		0		0		0		0		0		0		0	  0		  0		255		 255	 255	 255	 255	 //Sách Tăng Thể Lực
15		  	36		0		0		0		0		0		0		0	  0		  0		255		 255	 255	 255	 255	 //Sách Hộ Thân
14		    3		0		255		0		0		0		0		0		0		0		255		255		255		255		255	 //Bình Máu To
14		    6		0		255		0		0		0		0		0		0		0		255		255		255		255		255	 //Bình Phép To
end

