//=================================================================================================================
//					FACEBOOK: https://www.facebook.com/mukynguyen/
//					Zalo + SĐT : BQT MU KỶ NGUYÊN
//					Name : MU KỶ NGUYÊN
//=======Cung Cấp Sever Mu Online========
//-Phiên Bản
//+DLL Clasic Cutsom Có Đủ
//+5.2 FPS 120 Siêu Mượt
//======Hỗ Trợ=========
//+Config Sever Theo Ý Muốn
//+Dịch Vụ VPS Hosting Tên Miền Antihack
//=================================================================================================================
0
// ItemType	 ItemIndex	  Effect	Level 	Option   Sát Thương		Tăng SD		  		Tăng Máu	  Tăng Mana		  Phòng Thủ		ST Hoàn Hảo 	ST Chí Mạng 	  ST X2 	  Kháng ST X2		Kháng Loại Bỏ PT	Kháng Loại Bỏ SD	Kháng ST CHÍ Mạng	Kháng ST Hoàn Hảo	Kháng Choáng	Phản Hồi ST		Thời Gian
////Wing 2.5                                                                                                                                                      				
//	  12		150			0		 0		  0			1500		  	  0				100000				0				100				10				0				0				0				  0					   0				   0					10				0				0			5000000
//	  12		151			0		 0		  0			1500		  	  0				100000				0				100				10				0				0				0				  0					   0				   0					10				0				0			5000000
//	  12		152			0		 0		  0			1500		  	  0				100000				0				100				10				0				0				0				  0					   0				   0					10				0				0			5000000
//	  12		155			0		 0		  0			1500		  	  0				100000				0				100				10				0				0				0				  0					   0				   0					10				0				0			5000000
////===================================================================================================================================================================================================================================================================================>>
//// ItemType	 ItemIndex	  Effect	Level 	Option   Sát Thương		Tăng SD		  		Tăng Máu	  Tăng Mana		  Phòng Thủ		ST Hoàn Hảo 	ST Chí Mạng 	  ST X2 	  Kháng ST X2		Kháng Loại Bỏ PT	Kháng Loại Bỏ SD	Kháng ST CHÍ Mạng	Kháng ST Hoàn Hảo	Kháng Choáng	Phản Hồi ST		Thời Gian
////===================================================================================================================================================================================================================================================================================>>
////Wing 3                                                                                                                                                        				
//	  12		36			0		 11		  0			2000		  	  10000					300000				0				150				0				0				0				0				  0					   0				   0					15				0				0			5000000
//	  12		37			0		 11		  0			2000		  	  10000					300000				0				150				0				0				0				0				  0					   0				   0					15				0				0			5000000
//	  12		38			0		 11		  0			2000		  	  10000					300000				0				150				0				0				0				0				  0					   0				   0					15				0				0			5000000
//	  12		39			0		 11		  0			2000		  	  10000					300000				0				150				0				0				0				0				  0					   0				   0					15				0				0			5000000
//	  12		40			0		 11		  0			2000		  	  10000					300000				0				150				0				0				0				0				  0					   0				   0					15				0				0			5000000
//	  12		43			0		 11		  0			2000		  	  10000					300000				0				150				0				0				0				0				  0					   0				   0					15				0				0			5000000
//	  12		50			0		 11		  0			2000		  	  10000					300000				0				150				0				0				0				0				  0					   0				   0					15				0				0			5000000
//
//	  12		36			0		 13		  0			500			  	  10000					100000				0				150				0				0				0				0				  0					   0				   0					15				0				0			5000000
//	  12		37			0		 13		  0			500			  	  10000					100000				0				150				0				0				0				0				  0					   0				   0					15				0				0			5000000
//	  12		38			0		 13		  0			500			  	  10000					100000				0				150				0				0				0				0				  0					   0				   0					15				0				0			5000000
//	  12		39			0		 13		  0			500			  	  10000					100000				0				150				0				0				0				0				  0					   0				   0					15				0				0			5000000
//	  12		40			0		 13		  0			500			  	  10000					100000				0				150				0				0				0				0				  0					   0				   0					15				0				0			5000000
//	  12		43			0		 13		  0			500			  	  10000					100000				0				150				0				0				0				0				  0					   0				   0					15				0				0			5000000
//	  12		50			0		 13		  0			500			  	  10000					100000				0				150				0				0				0				0				  0					   0				   0					15				0				0			5000000
//
//	  12		36			0		 15		  0			1000		  	  10000					100000				0				150				0				0				0				0				  0					   0				   0					15				0				0			5000000
//	  12		37			0		 15		  0			1000		  	  10000					100000				0				150				0				0				0				0				  0					   0				   0					15				0				0			5000000
//	  12		38			0		 15		  0			1000		  	  10000					100000				0				150				0				0				0				0				  0					   0				   0					15				0				0			5000000
//	  12		39			0		 15		  0			1000		  	  10000					100000				0				150				0				0				0				0				  0					   0				   0					15				0				0			5000000
//	  12		40			0		 15		  0			1000		  	  10000					100000				0				150				0				0				0				0				  0					   0				   0					15				0				0			5000000
//	  12		43			0		 15		  0			1000		  	  10000					100000				0				150				0				0				0				0				  0					   0				   0					15				0				0			5000000
//	  12		50			0		 15		  0			1000		  	  10000					100000				0				150				0				0				0				0				  0					   0				   0					15				0				0			5000000
//
////Wing s8                                                                                                                                                       		
//	  12		153			0		 15		  0			500		  	  0					0				0				250				20				0				0				0				  0					   0				   0					20				0				0			5000000
//	  12		154			0		 15		  0			500		  	  0					0				0				250				20				0				0				0				  0					   0				   0					20				0				0			5000000
////===================================================================================================================================================================================================================================================================================>>
//// ItemType	 ItemIndex	  Effect	Level 	Option   Sát Thương		Tăng SD		  		Tăng Máu	  Tăng Mana		  Phòng Thủ		ST Hoàn Hảo 	ST Chí Mạng 	  ST X2 	  Kháng ST X2		Kháng Loại Bỏ PT	Kháng Loại Bỏ SD	Kháng ST CHÍ Mạng	Kháng ST Hoàn Hảo	Kháng Choáng	Phản Hồi ST		Thời Gian
////===================================================================================================================================================================================================================================================================================>>
//
////Wing s13                                                                                                                                                      		
//	  12		156			0		 15		  0			600		  	  0					0				0				300				25				0				0				0				  0					   0				   0					25				0				0			5000000
//	  12		157			0		 15		  0			600		  	  0					0				0				300				25				0				0				0				  0					   0				   0					25				0				0			5000000
//	  12		158			0		 15		  0			600		  	  0					0				0				300				25				0				0				0				  0					   0				   0					25				0				0			5000000
//	  12		159			0		 15		  0			600		  	  0					0				0				300				25				0				0				0				  0					   0				   0					25				0				0			5000000
//	  12		160			0		 15		  0			600		  	  0					0				0				300				25				0				0				0				  0					   0				   0					25				0				0			5000000
//	  12		161			0		 15		  0			600		  	  0					0				0				300				25				0				0				0				  0					   0				   0					25				0				0			5000000
//	  12		162			0		 15		  0			600		  	  0					0				0				300				25				0				0				0				  0					   0				   0					25				0				0			5000000
//
end                                                                                                                                                             		
1                                                                                                                                                               		
////===================================================================================================================================================================================================================================================================================>>
//// ItemType	 ItemIndex	  Effect	Level 	Option   Sát Thương		Tăng SD		Tăng Máu	Tăng Mana	Phòng Thủ		ST Hoàn Hảo 	ST Chí Mạng 	  ST X2 	  Kháng ST X2		Kháng Loại Bỏ PT	Kháng Loại Bỏ SD	Kháng ST CHÍ Mạng	Kháng ST Hoàn Hảo	Kháng Choáng	Phản Hồi ST		Thời Gian
////===================================================================================================================================================================================================================================================================================>>
////Ring + Pen                                                                                                                                                    				
end                                                                                                                                                             		
2                                                                                                                                                               		
////===================================================================================================================================================================================================================================================================================>>
//// ItemType	 ItemIndex	  Effect	Level 	Option   Sát Thương		Tăng SD		  Tăng Máu	  Tăng Mana		Phòng Thủ		ST Hoàn Hảo 	ST Chí Mạng 	  ST X2 	  Kháng ST X2		Kháng Loại Bỏ PT	Kháng Loại Bỏ SD	Kháng ST CHÍ Mạng	Kháng ST Hoàn Hảo	Kháng Choáng	Phản Hồi ST		Thời Gian
////===================================================================================================================================================================================================================================================================================>>
////Khiên                                                                                                                                                     				
//	  6			17			0		 9		  0   	  1000		 	  10000			50000			0			300				0				0				0				10				  0					   0				   0					0				0				4			5000000
//	  6			18			0		 9		  0   	  1000		 	  10000			50000			0			300				0				0				0				10				  0					   0				   0					0				0				4			5000000
//	  6			20			0		 9		  0   	  1000		 	  10000			50000			0			300				0				0				0				10				  0					   0				   0					0				0				4			5000000
//	  6			21			0		 9		  0   	  1000		 	  10000			50000			0			300				0				0				0				10				  0					   0				   0					0				0				4			5000000
//
//	  6			17			0		 11		  0   	  100		 	  10000			20000			0			300				0				0				0				10				  0					   0				   0					0				0				4			5000000
//	  6			18			0		 11		  0   	  100		 	  10000			20000			0			300				0				0				0				10				  0					   0				   0					0				0				4			5000000
//	  6			20			0		 11		  0   	  100		 	  10000			20000			0			300				0				0				0				10				  0					   0				   0					0				0				4			5000000
//	  6			21			0		 11		  0   	  100		 	  10000			20000			0			300				0				0				0				10				  0					   0				   0					0				0				4			5000000
//
//	  6			17			0		 13		  0   	  200		 	  10000			30000			0			300				0				0				0				10				  0					   0				   0					0				0				4			5000000
//	  6			18			0		 13		  0   	  200		 	  10000			30000			0			300				0				0				0				10				  0					   0				   0					0				0				4			5000000
//	  6			20			0		 13		  0   	  200		 	  10000			30000			0			300				0				0				0				10				  0					   0				   0					0				0				4			5000000
//	  6			21			0		 13		  0   	  200		 	  10000			30000			0			300				0				0				0				10				  0					   0				   0					0				0				4			5000000
//
//	  6			17			0		 15		  0   	  200		 	  10000			30000			0			300				0				0				0				10				  0					   0				   0					0				0				4			5000000
//	  6			18			0		 15		  0   	  200		 	  10000			30000			0			300				0				0				0				10				  0					   0				   0					0				0				4			5000000
//	  6			20			0		 15		  0   	  200		 	  10000			30000			0			300				0				0				0				10				  0					   0				   0					0				0				4			5000000
//	  6			21			0		 15		  0   	  200		 	  10000			30000			0			300				0				0				0				10				  0					   0				   0					0				0				4			5000000
////===================================================================================================================================================================================================================================================================================>>
end                                                                                                                                                             		
////===================================================================================================================================================================================================================================================================================>>
3                                                                                                                                                               		
//// ItemType	 ItemIndex	  Effect	Level 	Option   Sát Thương		Tăng SD		  Tăng Máu	  Tăng Mana		Phòng Thủ		ST Hoàn Hảo 	ST Chí Mạng 	  ST X2 	  Kháng ST X2		Kháng Loại Bỏ PT	Kháng Loại Bỏ SD	Kháng ST CHÍ Mạng	Kháng ST Hoàn Hảo	Kháng Choáng	Phản Hồi ST		Thời Gian
////Cấp 9 DK  
//	  7			45			0		 9		  0   		1000		 5000		  200000				0			250				0				0				0				0				  5					0					  0						0				0				0			5000000
//	  8			45			0		 9		  0   		1000		 5000		  200000				0			250				0				0				0				0				  5					0					  0						0				0				0			5000000
//	  9			45			0		 9		  0   		1000		 5000		  200000				0			250				0				0				0				0				  5					0					  0						0				0				0			5000000
//	  10		45			0		 9		  0   		1000		 5000		  200000				0			250				0			 	0				0				0				  5					0					  0						0			    0				0			5000000
//	  11		45			0		 9		  0   		1000		 5000		  200000				0			250				0				0				0				0				  5					0					  0						0			    0				0			5000000
//
//	  7			45			0		 11		  0   		500			 1000		  100000				0			250				0				0				0				0				  5					0					  0						0				0				0			5000000
//	  8			45			0		 11		  0   		500			 1000		  100000				0			250				0				0				0				0				  5					0					  0						0				0				0			5000000
//	  9			45			0		 11		  0   		500			 1000		  100000				0			250				0				0				0				0				  5					0					  0						0				0				0			5000000
//	  10		45			0		 11		  0   		500			 1000		  100000				0			250				0			 	0				0				0				  5					0					  0						0			    0				0			5000000
//	  11		45			0		 11		  0   		500			 1000		  100000				0			250				0				0				0				0				  5					0					  0						0			    0				0			5000000
//
//	  7			45			0		 13		  0   		500			 2000		  100000				0			250				0				0				0				0				  5					0					  0						0				0				0			5000000
//	  8			45			0		 13		  0   		500			 2000		  100000				0			250				0				0				0				0				  5					0					  0						0				0				0			5000000
//	  9			45			0		 13		  0   		500			 2000		  100000				0			250				0				0				0				0				  5					0					  0						0				0				0			5000000
//	  10		45			0		 13		  0   		500			 2000		  100000				0			250				0			 	0				0				0				  5					0					  0						0			    0				0			5000000
//	  11		45			0		 13		  0   		500			 2000		  100000				0			250				0				0				0				0				  5					0					  0						0			    0				0			5000000
//
//	  7			45			0		 15		  0   		1000		 3000		  100000				0			250				0				0				0				0				  5					0					  0						0				0				0			5000000
//	  8			45			0		 15		  0   		1000		 3000		  100000				0			250				0				0				0				0				  5					0					  0						0				0				0			5000000
//	  9			45			0		 15		  0   		1000		 3000		  100000				0			250				0				0				0				0				  5					0					  0						0				0				0			5000000
//	  10		45			0		 15		  0   		1000		 3000		  100000				0			250				0			 	0				0				0				  5					0					  0						0			    0				0			5000000
//	  11		45			0		 15		  0   		1000		 3000		  100000				0			250				0				0				0				0				  5					0					  0						0			    0				0			5000000
//
////Cấp 9 DK                                                                                                                                                     		
//	  7			46			0		 9		  0   		1000		 5000		  200000				0			250				0				0				0				0				  5					0					  0						0				0				0			5000000
//	  8			46			0		 9		  0   		1000		 5000		  200000				0			250				0				0				0				0				  5					0					  0						0				0				0			5000000
//	  9			46			0		 9		  0   		1000		 5000		  200000				0			250				0				0				0				0				  5					0					  0						0				0				0			5000000
//	  10		46			0		 9		  0   		1000		 5000		  200000				0			250				0			 	0				0				0				  5					0					  0						0			    0				0			5000000
//	  11		46			0		 9		  0   		1000		 5000		  200000				0			250				0				0				0				0				  5					0					  0						0			    0				0			5000000
//
//	  7			46			0		 11		  0   		500			 1000		  100000				0			250				0				0				0				0				  5					0					  0						0				0				0			5000000
//	  8			46			0		 11		  0   		500			 1000		  100000				0			250				0				0				0				0				  5					0					  0						0				0				0			5000000
//	  9			46			0		 11		  0   		500			 1000		  100000				0			250				0				0				0				0				  5					0					  0						0				0				0			5000000
//	  10		46			0		 11		  0   		500			 1000		  100000				0			250				0			 	0				0				0				  5					0					  0						0			    0				0			5000000
//	  11		46			0		 11		  0   		500			 1000		  100000				0			250				0				0				0				0				  5					0					  0						0			    0				0			5000000
//
//	  7			46			0		 13		  0   		500			 2000		  100000				0			250				0				0				0				0				  5					0					  0						0				0				0			5000000
//	  8			46			0		 13		  0   		500			 2000		  100000				0			250				0				0				0				0				  5					0					  0						0				0				0			5000000
//	  9			46			0		 13		  0   		500			 2000		  100000				0			250				0				0				0				0				  5					0					  0						0				0				0			5000000
//	  10		46			0		 13		  0   		500			 2000		  100000				0			250				0			 	0				0				0				  5					0					  0						0			    0				0			5000000
//	  11		46			0		 13		  0   		500			 2000		  100000				0			250				0				0				0				0				  5					0					  0						0			    0				0			5000000
//
//	  7			46			0		 15		  0   		1000		 3000		  100000				0			250				0				0				0				0				  5					0					  0						0				0				0			5000000
//	  8			46			0		 15		  0   		1000		 3000		  100000				0			250				0				0				0				0				  5					0					  0						0				0				0			5000000
//	  9			46			0		 15		  0   		1000		 3000		  100000				0			250				0				0				0				0				  5					0					  0						0				0				0			5000000
//	  10		46			0		 15		  0   		1000		 3000		  100000				0			250				0			 	0				0				0				  5					0					  0						0			    0				0			5000000
//	  11		46			0		 15		  0   		1000		 3000		  100000				0			250				0				0				0				0				  5					0					  0						0			    0				0			5000000
////Cấp 9 DW                                                                                      	                                                                                                                                                            
//	  7			52			0		 9		  0   		1000		 5000		  200000				0			250				0				0				0				0				  5					0					  0						0				0				0			5000000
//	  8			52			0		 9		  0   		1000		 5000		  200000				0			250				0				0				0				0				  5					0					  0						0				0				0			5000000
//	  9			52			0		 9		  0   		1000		 5000		  200000				0			250				0				0				0				0				  5					0					  0						0				0				0			5000000
//	  10		52			0		 9		  0   		1000		 5000		  200000				0			250				0			 	0				0				0				  5					0					  0						0			    0				0			5000000
//	  11		52			0		 9		  0   		1000		 5000		  200000				0			250				0				0				0				0				  5					0					  0						0			    0				0			5000000
//
//	  7			52			0		 11		  0   		500			 1000		  100000				0			250				0				0				0				0				  5					0					  0						0				0				0			5000000
//	  8			52			0		 11		  0   		500			 1000		  100000				0			250				0				0				0				0				  5					0					  0						0				0				0			5000000
//	  9			52			0		 11		  0   		500			 1000		  100000				0			250				0				0				0				0				  5					0					  0						0				0				0			5000000
//	  10		52			0		 11		  0   		500			 1000		  100000				0			250				0			 	0				0				0				  5					0					  0						0			    0				0			5000000
//	  11		52			0		 11		  0   		500			 1000		  100000				0			250				0				0				0				0				  5					0					  0						0			    0				0			5000000
//
//	  7			52			0		 13		  0   		500			 2000		  100000				0			250				0				0				0				0				  5					0					  0						0				0				0			5000000
//	  8			52			0		 13		  0   		500			 2000		  100000				0			250				0				0				0				0				  5					0					  0						0				0				0			5000000
//	  9			52			0		 13		  0   		500			 2000		  100000				0			250				0				0				0				0				  5					0					  0						0				0				0			5000000
//	  10		52			0		 13		  0   		500			 2000		  100000				0			250				0			 	0				0				0				  5					0					  0						0			    0				0			5000000
//	  11		52			0		 13		  0   		500			 2000		  100000				0			250				0				0				0				0				  5					0					  0						0			    0				0			5000000
//
//	  7			52			0		 15		  0   		1000		 3000		  100000				0			250				0				0				0				0				  5					0					  0						0				0				0			5000000
//	  8			52			0		 15		  0   		1000		 3000		  100000				0			250				0				0				0				0				  5					0					  0						0				0				0			5000000
//	  9			52			0		 15		  0   		1000		 3000		  100000				0			250				0				0				0				0				  5					0					  0						0				0				0			5000000
//	  10		52			0		 15		  0   		1000		 3000		  100000				0			250				0			 	0				0				0				  5					0					  0						0			    0				0			5000000
//	  11		52			0		 15		  0   		1000		 3000		  100000				0			250				0				0				0				0				  5					0					  0						0			    0				0			5000000
////Cấp 9 ELF                                                                                     	                                                                                                                                                            
//	  7			49			0		 9		  0   		1000		 5000		  200000				0			250				0				0				0				0				  5					0					  0						0				0				0			5000000
//	  8			49			0		 9		  0   		1000		 5000		  200000				0			250				0				0				0				0				  5					0					  0						0				0				0			5000000
//	  9			49			0		 9		  0   		1000		 5000		  200000				0			250				0				0				0				0				  5					0					  0						0				0				0			5000000
//	  10		49			0		 9		  0   		1000		 5000		  200000				0			250				0			 	0				0				0				  5					0					  0						0			    0				0			5000000
//	  11		49			0		 9		  0   		1000		 5000		  200000				0			250				0				0				0				0				  5					0					  0						0			    0				0			5000000
//
//	  7			49			0		 11		  0   		500			 1000		  100000				0			250				0				0				0				0				  5					0					  0						0				0				0			5000000
//	  8			49			0		 11		  0   		500			 1000		  100000				0			250				0				0				0				0				  5					0					  0						0				0				0			5000000
//	  9			49			0		 11		  0   		500			 1000		  100000				0			250				0				0				0				0				  5					0					  0						0				0				0			5000000
//	  10		49			0		 11		  0   		500			 1000		  100000				0			250				0			 	0				0				0				  5					0					  0						0			    0				0			5000000
//	  11		49			0		 11		  0   		500			 1000		  100000				0			250				0				0				0				0				  5					0					  0						0			    0				0			5000000
//
//	  7			49			0		 13		  0   		500			 2000		  100000				0			250				0				0				0				0				  5					0					  0						0				0				0			5000000
//	  8			49			0		 13		  0   		500			 2000		  100000				0			250				0				0				0				0				  5					0					  0						0				0				0			5000000
//	  9			49			0		 13		  0   		500			 2000		  100000				0			250				0				0				0				0				  5					0					  0						0				0				0			5000000
//	  10		49			0		 13		  0   		500			 2000		  100000				0			250				0			 	0				0				0				  5					0					  0						0			    0				0			5000000
//	  11		49			0		 13		  0   		500			 2000		  100000				0			250				0				0				0				0				  5					0					  0						0			    0				0			5000000
//
//	  7			49			0		 15		  0   		1000		 3000		  100000				0			250				0				0				0				0				  5					0					  0						0				0				0			5000000
//	  8			49			0		 15		  0   		1000		 3000		  100000				0			250				0				0				0				0				  5					0					  0						0				0				0			5000000
//	  9			49			0		 15		  0   		1000		 3000		  100000				0			250				0				0				0				0				  5					0					  0						0				0				0			5000000
//	  10		49			0		 15		  0   		1000		 3000		  100000				0			250				0			 	0				0				0				  5					0					  0						0			    0				0			5000000
//	  11		49			0		 15		  0   		1000		 3000		  100000				0			250				0				0				0				0				  5					0					  0						0			    0				0			5000000
////Cấp 9 ELF                                                                                     	                                                                                                                                                            
//	  7			50			0		 9		  0   		1000		 5000		  200000				0			250				0				0				0				0				  5					0					  0						0				0				0			5000000
//	  8			50			0		 9		  0   		1000		 5000		  200000				0			250				0				0				0				0				  5					0					  0						0				0				0			5000000
//	  9			50			0		 9		  0   		1000		 5000		  200000				0			250				0				0				0				0				  5					0					  0						0				0				0			5000000
//	  10		50			0		 9		  0   		1000		 5000		  200000				0			250				0			 	0				0				0				  5					0					  0						0			    0				0			5000000
//	  11		50			0		 9		  0   		1000		 5000		  200000				0			250				0				0				0				0				  5					0					  0						0			    0				0			5000000
//
//	  7			50			0		 11		  0   		500			 1000		  100000				0			250				0				0				0				0				  5					0					  0						0				0				0			5000000
//	  8			50			0		 11		  0   		500			 1000		  100000				0			250				0				0				0				0				  5					0					  0						0				0				0			5000000
//	  9			50			0		 11		  0   		500			 1000		  100000				0			250				0				0				0				0				  5					0					  0						0				0				0			5000000
//	  10		50			0		 11		  0   		500			 1000		  100000				0			250				0			 	0				0				0				  5					0					  0						0			    0				0			5000000
//	  11		50			0		 11		  0   		500			 1000		  100000				0			250				0				0				0				0				  5					0					  0						0			    0				0			5000000
//
//	  7			50			0		 13		  0   		500			 2000		  100000				0			250				0				0				0				0				  5					0					  0						0				0				0			5000000
//	  8			50			0		 13		  0   		500			 2000		  100000				0			250				0				0				0				0				  5					0					  0						0				0				0			5000000
//	  9			50			0		 13		  0   		500			 2000		  100000				0			250				0				0				0				0				  5					0					  0						0				0				0			5000000
//	  10		50			0		 13		  0   		500			 2000		  100000				0			250				0			 	0				0				0				  5					0					  0						0			    0				0			5000000
//	  11		50			0		 13		  0   		500			 2000		  100000				0			250				0				0				0				0				  5					0					  0						0			    0				0			5000000
//
//	  7			50			0		 15		  0   		1000		 3000		  100000				0			250				0				0				0				0				  5					0					  0						0				0				0			5000000
//	  8			50			0		 15		  0   		1000		 3000		  100000				0			250				0				0				0				0				  5					0					  0						0				0				0			5000000
//	  9			50			0		 15		  0   		1000		 3000		  100000				0			250				0				0				0				0				  5					0					  0						0				0				0			5000000
//	  10		50			0		 15		  0   		1000		 3000		  100000				0			250				0			 	0				0				0				  5					0					  0						0			    0				0			5000000
//	  11		50			0		 15		  0   		1000		 3000		  100000				0			250				0				0				0				0				  5					0					  0						0			    0				0			5000000
////Cấp 9 SU                                                                                      	                                                                                                                                                            
//	  7			53			0		 9		  0   		1000		 5000		  200000				0			250				0				0				0				0				  5					0					  0						0				0				0			5000000
//	  8			53			0		 9		  0   		1000		 5000		  200000				0			250				0				0				0				0				  5					0					  0						0				0				0			5000000
//	  9			53			0		 9		  0   		1000		 5000		  200000				0			250				0				0				0				0				  5					0					  0						0				0				0			5000000
//	  10		53			0		 9		  0   		1000		 5000		  200000				0			250				0			 	0				0				0				  5					0					  0						0			    0				0			5000000
//	  11		53			0		 9		  0   		1000		 5000		  200000				0			250				0				0				0				0				  5					0					  0						0			    0				0			5000000
//
//	  7			53			0		 11		  0   		500			 1000		  100000				0			250				0				0				0				0				  5					0					  0						0				0				0			5000000
//	  8			53			0		 11		  0   		500			 1000		  100000				0			250				0				0				0				0				  5					0					  0						0				0				0			5000000
//	  9			53			0		 11		  0   		500			 1000		  100000				0			250				0				0				0				0				  5					0					  0						0				0				0			5000000
//	  10		53			0		 11		  0   		500			 1000		  100000				0			250				0			 	0				0				0				  5					0					  0						0			    0				0			5000000
//	  11		53			0		 11		  0   		500			 1000		  100000				0			250				0				0				0				0				  5					0					  0						0			    0				0			5000000
//
//	  7			53			0		 13		  0   		500			 2000		  100000				0			250				0				0				0				0				  5					0					  0						0				0				0			5000000
//	  8			53			0		 13		  0   		500			 2000		  100000				0			250				0				0				0				0				  5					0					  0						0				0				0			5000000
//	  9			53			0		 13		  0   		500			 2000		  100000				0			250				0				0				0				0				  5					0					  0						0				0				0			5000000
//	  10		53			0		 13		  0   		500			 2000		  100000				0			250				0			 	0				0				0				  5					0					  0						0			    0				0			5000000
//	  11		53			0		 13		  0   		500			 2000		  100000				0			250				0				0				0				0				  5					0					  0						0			    0				0			5000000
//
//	  7			53			0		 15		  0   		1000		 3000		  100000				0			250				0				0				0				0				  5					0					  0						0				0				0			5000000
//	  8			53			0		 15		  0   		1000		 3000		  100000				0			250				0				0				0				0				  5					0					  0						0				0				0			5000000
//	  9			53			0		 15		  0   		1000		 3000		  100000				0			250				0				0				0				0				  5					0					  0						0				0				0			5000000
//	  10		53			0		 15		  0   		1000		 3000		  100000				0			250				0			 	0				0				0				  5					0					  0						0			    0				0			5000000
//	  11		53			0		 15		  0   		1000		 3000		  100000				0			250				0				0				0				0				  5					0					  0						0			    0				0			5000000
////Cấp 9 MG                                                                                      	                                                                                                                                                            
//	  8			47			0		 9		  0   		1250		 6250		  250000				0			250				0				0				0				0				  5					0					  0						0				0				0			5000000
//	  9			47			0		 9		  0   		1250		 6250		  250000				0			250				0				0				0				0				  5					0					  0						0				0				0			5000000
//	  10		47			0		 9		  0   		1250		 6250		  250000				0			250				0			 	0				0				0				  5					0					  0						0			    0				0			5000000
//	  11		47			0		 9		  0   		1250		 6250		  250000				0			250				0				0				0				0				  5					0					  0						0			    0				0			5000000
//
//	  8			47			0		 11		  0   		625			 1250		  125000				0			250				0				0				0				0				  5					0					  0						0				0				0			5000000
//	  9			47			0		 11		  0   		625			 1250		  125000				0			250				0				0				0				0				  5					0					  0						0				0				0			5000000
//	  10		47			0		 11		  0   		625			 1250		  125000				0			250				0			 	0				0				0				  5					0					  0						0			    0				0			5000000
//	  11		47			0		 11		  0   		625			 1250		  125000				0			250				0				0				0				0				  5					0					  0						0			    0				0			5000000
//
//	  8			47			0		 13		  0   		625			 2500		  125000				0			250				0				0				0				0				  5					0					  0						0				0				0			5000000
//	  9			47			0		 13		  0   		625			 2500		  125000				0			250				0				0				0				0				  5					0					  0						0				0				0			5000000
//	  10		47			0		 13		  0   		625			 2500		  125000				0			250				0			 	0				0				0				  5					0					  0						0			    0				0			5000000
//	  11		47			0		 13		  0   		625			 2500		  125000				0			250				0				0				0				0				  5					0					  0						0			    0				0			5000000
//
//	  8			47			0		 15		  0   		1250		 3750		  125000				0			250				0				0				0				0				  5					0					  0						0				0				0			5000000
//	  9			47			0		 15		  0   		1250		 3750		  125000				0			250				0				0				0				0				  5					0					  0						0				0				0			5000000
//	  10		47			0		 15		  0   		1250		 3750		  125000				0			250				0			 	0				0				0				  5					0					  0						0			    0				0			5000000
//	  11		47			0		 15		  0   		1250		 3750		  125000				0			250				0				0				0				0				  5					0					  0						0			    0				0			5000000
////Cấp 9 MG                                                                                      	                                                                                                                                                            
//	  8			48			0		 9		  0   		1250		 6250		  250000				0			250				0				0				0				0				  5					0					  0						0				0				0			5000000
//	  9			48			0		 9		  0   		1250		 6250		  250000				0			250				0				0				0				0				  5					0					  0						0				0				0			5000000
//	  10		48			0		 9		  0   		1250		 6250		  250000				0			250				0			 	0				0				0				  5					0					  0						0			    0				0			5000000
//	  11		48			0		 9		  0   		1250		 6250		  250000				0			250				0				0				0				0				  5					0					  0						0			    0				0			5000000
//
//	  8			48			0		 11		  0   		625			 1250		  125000				0			250				0				0				0				0				  5					0					  0						0				0				0			5000000
//	  9			48			0		 11		  0   		625			 1250		  125000				0			250				0				0				0				0				  5					0					  0						0				0				0			5000000
//	  10		48			0		 11		  0   		625			 1250		  125000				0			250				0			 	0				0				0				  5					0					  0						0			    0				0			5000000
//	  11		48			0		 11		  0   		625			 1250		  125000				0			250				0				0				0				0				  5					0					  0						0			    0				0			5000000
//
//	  8			48			0		 13		  0   		625			 2500		  125000				0			250				0				0				0				0				  5					0					  0						0				0				0			5000000
//	  9			48			0		 13		  0   		625			 2500		  125000				0			250				0				0				0				0				  5					0					  0						0				0				0			5000000
//	  10		48			0		 13		  0   		625			 2500		  125000				0			250				0			 	0				0				0				  5					0					  0						0			    0				0			5000000
//	  11		48			0		 13		  0   		625			 2500		  125000				0			250				0				0				0				0				  5					0					  0						0			    0				0			5000000
//
//	  8			48			0		 15		  0   		1250		 3750		  125000				0			250				0				0				0				0				  5					0					  0						0				0				0			5000000
//	  9			48			0		 15		  0   		1250		 3750		  125000				0			250				0				0				0				0				  5					0					  0						0				0				0			5000000
//	  10		48			0		 15		  0   		1250		 3750		  125000				0			250				0			 	0				0				0				  5					0					  0						0			    0				0			5000000
//	  11		48			0		 15		  0   		1250		 3750		  125000				0			250				0				0				0				0				  5					0					  0						0			    0				0			5000000
////Cấp 9 DL                                                                                      	                                                                                                                                                            
//	  7			51			0		 9		  0   		1000		 5000		  200000				0			250				0				0				0				0				  5					0					  0						0				0				0			5000000
//	  8			51			0		 9		  0   		1000		 5000		  200000				0			250				0				0				0				0				  5					0					  0						0				0				0			5000000
//	  9			51			0		 9		  0   		1000		 5000		  200000				0			250				0				0				0				0				  5					0					  0						0				0				0			5000000
//	  10		51			0		 9		  0   		1000		 5000		  200000				0			250				0			 	0				0				0				  5					0					  0						0			    0				0			5000000
//	  11		51			0		 9		  0   		1000		 5000		  200000				0			250				0				0				0				0				  5					0					  0						0			    0				0			5000000
//
//	  7			51			0		 11		  0   		500			 1000		  100000				0			250				0				0				0				0				  5					0					  0						0				0				0			5000000
//	  8			51			0		 11		  0   		500			 1000		  100000				0			250				0				0				0				0				  5					0					  0						0				0				0			5000000
//	  9			51			0		 11		  0   		500			 1000		  100000				0			250				0				0				0				0				  5					0					  0						0				0				0			5000000
//	  10		51			0		 11		  0   		500			 1000		  100000				0			250				0			 	0				0				0				  5					0					  0						0			    0				0			5000000
//	  11		51			0		 11		  0   		500			 1000		  100000				0			250				0				0				0				0				  5					0					  0						0			    0				0			5000000
//
//	  7			51			0		 13		  0   		500			 2000		  100000				0			250				0				0				0				0				  5					0					  0						0				0				0			5000000
//	  8			51			0		 13		  0   		500			 2000		  100000				0			250				0				0				0				0				  5					0					  0						0				0				0			5000000
//	  9			51			0		 13		  0   		500			 2000		  100000				0			250				0				0				0				0				  5					0					  0						0				0				0			5000000
//	  10		51			0		 13		  0   		500			 2000		  100000				0			250				0			 	0				0				0				  5					0					  0						0			    0				0			5000000
//	  11		51			0		 13		  0   		500			 2000		  100000				0			250				0				0				0				0				  5					0					  0						0			    0				0			5000000
//
//	  7			51			0		 15		  0   		1000		 3000		  100000				0			250				0				0				0				0				  5					0					  0						0				0				0			5000000
//	  8			51			0		 15		  0   		1000		 3000		  100000				0			250				0				0				0				0				  5					0					  0						0				0				0			5000000
//	  9			51			0		 15		  0   		1000		 3000		  100000				0			250				0				0				0				0				  5					0					  0						0				0				0			5000000
//	  10		51			0		 15		  0   		1000		 3000		  100000				0			250				0			 	0				0				0				  5					0					  0						0			    0				0			5000000
//	  11		51			0		 15		  0   		1000		 3000		  100000				0			250				0				0				0				0				  5					0					  0						0			    0				0			5000000
////Cấp 9 RF                                                                                                                                                                                                                                                      
//	  8			77			0		 9		  0   		1250		 6250		  250000				0			250				0				0				0				0				  5					0					  0						0				0				0			5000000
//	  9			77			0		 9		  0   		1250		 6250		  250000				0			250				0				0				0				0				  5					0					  0						0				0				0			5000000
//	  7			77			0		 9		  0   		1250		 6250		  250000				0			250				0			 	0				0				0				  5					0					  0						0			    0				0			5000000
//	  11		77			0		 9		  0   		1250		 6250		  250000				0			250				0				0				0				0				  5					0					  0						0			    0				0			5000000
//
//	  8			77			0		 11		  0   		625			 1250		  125000				0			250				0				0				0				0				  5					0					  0						0				0				0			5000000
//	  9			77			0		 11		  0   		625			 1250		  125000				0			250				0				0				0				0				  5					0					  0						0				0				0			5000000
//	  7			77			0		 11		  0   		625			 1250		  125000				0			250				0			 	0				0				0				  5					0					  0						0			    0				0			5000000
//	  11		77			0		 11		  0   		625			 1250		  125000				0			250				0				0				0				0				  5					0					  0						0			    0				0			5000000
//
//	  8			77			0		 13		  0   		625			 2500		  125000				0			250				0				0				0				0				  5					0					  0						0				0				0			5000000
//	  9			77			0		 13		  0   		625			 2500		  125000				0			250				0				0				0				0				  5					0					  0						0				0				0			5000000
//	  7			77			0		 13		  0   		625			 2500		  125000				0			250				0			 	0				0				0				  5					0					  0						0			    0				0			5000000
//	  11		77			0		 13		  0   		625			 2500		  125000				0			250				0				0				0				0				  5					0					  0						0			    0				0			5000000
//
//	  8			77			0		 15		  0   		1250		 3750		  125000				0			250				0				0				0				0				  5					0					  0						0				0				0			5000000
//	  9			77			0		 15		  0   		1250		 3750		  125000				0			250				0				0				0				0				  5					0					  0						0				0				0			5000000
//	  7			77			0		 15		  0   		1250		 3750		  125000				0			250				0			 	0				0				0				  5					0					  0						0			    0				0			5000000
//	  11		77			0		 15		  0   		1250		 3750		  125000				0			250				0				0				0				0				  5					0					  0						0			    0				0			5000000
////Đồ 380 Tân Thủ
//	  7			29			0		 0		  0   		500		     3750		  100000				0			250				0				0				0				0				  5					0					  0						0			    0				0			5000000
//	  8			29			0		 0		  0   		500		     3750		  100000				0			250				0				0				0				0				  5					0					  0						0			    0				0			5000000
//	  9			29			0		 0		  0   		500		     3750		  100000				0			250				0				0				0				0				  5					0					  0						0			    0				0			5000000
//	  10		29			0		 0		  0   		500		     3750		  100000				0			250				0				0				0				0				  5					0					  0						0			    0				0			5000000
//	  11		29			0		 0		  0   		500		     3750		  100000				0			250				0				0				0				0				  5					0					  0						0			    0				0			5000000
//	  7			30			0		 0		  0   		500		     3750		  100000				0			250				0				0				0				0				  5					0					  0						0			    0				0			5000000
//	  8			30			0		 0		  0   		500		     3750		  100000				0			250				0				0				0				0				  5					0					  0						0			    0				0			5000000
//	  9			30			0		 0		  0   		500		     3750		  100000				0			250				0				0				0				0				  5					0					  0						0			    0				0			5000000
//	  10		30			0		 0		  0   		500		     3750		  100000				0			250				0				0				0				0				  5					0					  0						0			    0				0			5000000
//	  11		30			0		 0		  0   		500		     3750		  100000				0			250				0				0				0				0				  5					0					  0						0			    0				0			5000000
//	  7			31			0		 0		  0   		500		     3750		  100000				0			250				0				0				0				0				  5					0					  0						0			    0				0			5000000
//	  8			31			0		 0		  0   		500		     3750		  100000				0			250				0				0				0				0				  5					0					  0						0			    0				0			5000000
//	  9			31			0		 0		  0   		500		     3750		  100000				0			250				0				0				0				0				  5					0					  0						0			    0				0			5000000
//	  10		31			0		 0		  0   		500		     3750		  100000				0			250				0				0				0				0				  5					0					  0						0			    0				0			5000000
//	  11		31			0		 0		  0   		500		     3750		  100000				0			250				0				0				0				0				  5					0					  0						0			    0				0			5000000
//	  8			32			0		 0		  0   		500		     3750		  100000				0			250				0				0				0				0				  5					0					  0						0			    0				0			5000000
//	  9			32			0		 0		  0   		500		     3750		  100000				0			250				0				0				0				0				  5					0					  0						0			    0				0			5000000
//	  10		32			0		 0		  0   		500		     3750		  100000				0			250				0				0				0				0				  5					0					  0						0			    0				0			5000000
//	  11		32			0		 0		  0   		500		     3750		  100000				0			250				0				0				0				0				  5					0					  0						0			    0				0			5000000
//	  7			33			0		 0		  0   		500		     3750		  100000				0			250				0				0				0				0				  5					0					  0						0			    0				0			5000000
//	  8			33			0		 0		  0   		500		     3750		  100000				0			250				0				0				0				0				  5					0					  0						0			    0				0			5000000
//	  9			33			0		 0		  0   		500		     3750		  100000				0			250				0				0				0				0				  5					0					  0						0			    0				0			5000000
//	  10		33			0		 0		  0   		500		     3750		  100000				0			250				0				0				0				0				  5					0					  0						0			    0				0			5000000
//	  11		33			0		 0		  0   		500		     3750		  100000				0			250				0				0				0				0				  5					0					  0						0			    0				0			5000000
//	  7			43			0		 0		  0   		500		     3750		  100000				0			250				0				0				0				0				  5					0					  0						0			    0				0			5000000
//	  8			43			0		 0		  0   		500		     3750		  100000				0			250				0				0				0				0				  5					0					  0						0			    0				0			5000000
//	  9			43			0		 0		  0   		500		     3750		  100000				0			250				0				0				0				0				  5					0					  0						0			    0				0			5000000
//	  10		43			0		 0		  0   		500		     3750		  100000				0			250				0				0				0				0				  5					0					  0						0			    0				0			5000000
//	  11		43			0		 0		  0   		500		     3750		  100000				0			250				0				0				0				0				  5					0					  0						0			    0				0			5000000
//	  7			73			0		 0		  0   		500		     3750		  100000				0			250				0				0				0				0				  5					0					  0						0			    0				0			5000000
//	  8			73			0		 0		  0   		500		     3750		  100000				0			250				0				0				0				0				  5					0					  0						0			    0				0			5000000
//	  9			73			0		 0		  0   		500		     3750		  100000				0			250				0				0				0				0				  5					0					  0						0			    0				0			5000000
//	  11		73			0		 0		  0   		500		     3750		  100000				0			250				0				0				0				0				  5					0					  0						0			    0				0			5000000
		
end


