//=================================================================================================================
//					FACEBOOK: https://www.facebook.com/mukynguyen/
//					Zalo + SĐT : BQT MU KỶ NGUYÊN
//					Name : MU KỶ NGUYÊN
//=======Cung Cấp Sever Mu Online========
//-Phiên Bản
//+DLL Clasic Cutsom Có Đủ
//+5.2 FPS 120 Siêu Mượt
//======Hỗ Trợ=========
//+Config Sever Theo Ý Muốn
//+Dịch Vụ VPS Hosting Tên Miền Antihack
//=================================================================================================================
//Index	Slot	Skill	X	Y	Serial	Option	Drop	Name						level	DameMin	DameMax	AttSpeed	Dur	MagicDur	MagicPW	ReqLvl	ReqStr	ReqDex	ReqEne	ReqVit	ReqLead	SetAttr	DW/SM	DK/BK	ELF/ME	MG	DL SUM	RF
0		
0		0		0		1	2	1		1		1		"[Cấp1]Chùy Thủ"				6	    6	    11		50			20	0			0		0		40		40		0		0		0		1		1		1		1		1	1	1	1
1		0		0		1	3	1		1		1		"[Cấp1]Đoản Đao"				3	    3	    7		20			22	0			0		0		60		0		0		0		0		1		1		1		1		1	1	1	1
2		0		0		1	3	1		1		1		"[Cấp1]Trường Kiếm"				9	    9	    15		40			23	0			0		0		50		40		0		0		0		1		0		1		1		1	1	1	0
3		0		20		1	3	1		1		1		"[Cấp1]Kiếm Nhật"				16	    16	    26		35			27	0			0		0		80		40		0		0		0		1		0		1		0		1	1	0	0
4		0		21		1	3	1		1		1		"[Cấp1]Đao Sát Thủ"				12	    12	    18		30			24	0			0		0		60		40		0		0		0		1		0		1		0		1	1	0	0
5		0		22		1	3	1		1		1		"[Cấp2]Khoái Đao"				36	    36	    47		30			39	0			0		0		80		50		0		0		0		1		1		1		1		1	1	0	0
6		0		20		1	3	1		1		1		"[Cấp1]Kiếm La Mã"				20	    20	    30		20			30	0			0		0		110		0		0		0		0		1		0		1		1		1	1	0	0
7		0		21		1	3	1		1		1		"[Cấp1]Mã Tấu"					24	    24	    34		25			34	0			0		0		120		0		0		0		0		1		0		1		0		1	1	0	0
8		0		21		1	3	1		1		1		"[Cấp1]Xà Đao"					30	    30	    40		20			36	0			0		0		130		0		0		0		0		1		0		1		0		1	1	0	0
9		0		20		2	3	1		1		1		"[Cấp2]Kiếm Rồng Lửa"			32	    32	    46		30			40	0			0		0		103		0		0		0		0		1		0		1		0		1	0	0	0
10		0		22		2	4	1		1		1		"[Cấp3]Kiếm Ánh Sáng"			40	    47	    61		25			50	0			0		0		80		60		0		0		0		1		0		1		1		1	0	0	0
11		0		20		2	3	1		1		1		"[Cấp3]Kiếm Ma Thuật"			44	    56	    72		20			54	0			0		0		120		0		0		0		0		1		0		1		0		1	0	0	0
12		0		19		2	3	1		1		1		"[Cấp3]Thái Dương Kiếm"			56	    73	    98		25			66	0			0		0		140		0		0		0		0		1		0		1		0		1	0	0	0
13		0		22		1	3	1		1		1		"[Cấp2]Hỏa Đao"					48	    48	    56		30			43	0			0		0		70		70		0		0		0		1		0		1		1		1	0	0	0
14		0		22		1	3	1		1		1		"[Cấp3]Kiếm Điện"				59	    59	    67		30			50	0			0		0		90		50		0		0		0		1		0		1		1		1	0	0	0
15		0		23		2	3	1		1		1		"[Cấp3]Thiết Kiếm"				52	    60	    85		20			60	0			0		0		140		0		0		0		0		1		0		1		0		1	0	0	0
16		0		22		1	4	1		1		1		"[Cấp4]Kiếm Hủy Diệt"			82	    82	    90		35			84	0			0		0		160		60		0		0		0		1		0		1		0		1	0	0	0
17		0		23		2	4	1		1		1		"[Cấp5]Thiên Ma Kiếm"			104	    128	    153		40			89	0			0		0		180		50		0		0		0		1		0		2		0		0	0	0	0
18		0		23		2	3	1		1		1		"[Cấp4]Lôi Phong Đao"			105	    140	    168		40			86	0			0		0		180		50		0		0		0		1		0		0		0		1	0	0	0
19		0		22		1	4	1		1		0		"[VKR1]Thiên Tử Kiếm"		    115	    110	    125		45			168	0			0		0		140		50		0		0		0		0		0		1		0		1	1	0	0
20		0		22		1	4	1		1		1		"[Cấp7]Cuồng Phong Đao"			115	    90	    95		35			90	0			0		0		116		38		0		0		0		1		0		2		0		0	0	0	0
21		0		56		2	4	1		1		1		"[Cấp7]Đao Sinh Mệnh"			140	    90	    100		40			100	0			115		0		116		53		9		0		0		1		0		0		0		1	0	0	0
22		0		22		1	4	1		1		0		"[Cấp8]Đao Quyền Năng"			115	    115	    135		40			95	0			0		380		100		35		0		0		0		0		0		2		0		0	0	0	0
23		0		56		2	4	1		1		0		"[Cấp8]Đao Hồng Long"			147	    115	    135		45			110	0			134		380		98		48		7		0		0		0		0		0		0		1	0	0	0
24		0		22		2	4	1		1		1		"[Cấp6]Ỷ Thiên Đao"				115	    182	    218		40			90	0			0		0		192		30		0		0		0		0		0		2		0		0	0	0	0
25		0		56		2	4	1		1		0		"[Cấp6]Hỏa Tinh Kiếm"			115	    109	    136		40			90	0			108		0		136		57		9		0		0		0		0		0		0		1	0	0	0
26		0		22		1	4	1		1		0		"[Cấp9]Hỏa Long Kiếm"			86	    150	    175		40			90	0			0		380		193		53		0		0		0		0		0		2		0		0	0	0	0
27		0		22		1	4	1		1		0		"[Cấp9]Ngọc Bích Kiếm"			86	    150	    175		35			90	0			0		380		53		176		0		0		0		0		0		2		0		0	0	0	0
28		0		56		1	4	1		1		0		"[Cấp9]Bá Vương Kiếm"			139	    150	    175		45			90	0			109		380		91		73		17		0		0		0		0		0		0		1	0	0	0
31		0		56		2	4	1		1		1		"[Cấp5]Ảo Ảnh Đao"				100	    80	    90		35			93	0			104		0		135		62		9		0		0		3		0		0		0		1	0	0	0
32		0		260		1	2	1		1		1		"[Cấp5]N.Đ Địa Long"			52	    52	    58		25			65	0			0		0		85		35		0		0		0		1		0		0		0		0	0	0	1
33		0		261		1	2	1		1		1		"[Cấp6]N.Đ Bạch Hổ"			    82	    82	    88		30			77	0			0		0		100		50		0		0		0		0		0		0		0		0	0	0	1
34		0		260		1	2	1		1		1		"[Cấp7]N.Đ Quyền Lực"			105	    95	    115		35			86	0			0		0		120		60		0		0		0		0		0		0		0		0	0	0	1
35		0		270		1	2	1		1		0		"[Cấp8]V.Phượng Hoàng"		    105	    125	    135		40			98	0			0		380		101		51		0		0		0		0		0		0		0		0	0	0	1
47		0		56		1	4	1		1		0		"[VKR1]Đao Thiên Tử"		    115	    110	    125		30			100	0			140		0		36		4		0		0		0		0		0		0		0		3	0	0	0 
60		0		270		1	2	1		1		0		"[VKR1]V. Thiên Tử"		        115	    110	    125		35			160	0			0		0		68		23		0		0		0		0		0		0		0		0	0	0	3 
81		0		270		1	2	1		1		0		"[Cấp9]V. Huyết Long"			110	    135	    145		35			100	0			0		380		47		14		0		0		0		0		0		0		0		0	0	0	3 

100	    0	    270	    1	2	1	    1	    0	    "Vuốt Hỏa Ngục"			        125   	165 	175 	35          100	0	        0	     0	    47	    14	    0		0		0		0		0		0		0		0	0	0	3 
101	    0	    270	    1	2	1	    1	    0	    "Vuốt Ngũ Độc"			        220   	175 	185 	35          100	0	        0	     0	    47	    14	    0		0		0		0		0		0		0		0	0	0	3 
102	    0	    270	    1	2	1	    1	    0	    "Vuốt Mộng Tuyết"			    220   	185 	195 	35          100	0	        0	     0	    47	    14	    0		0		0		0		0		0		0		0	0	0	3 
103	    0	    270	    1	2	1	    1	    0	    "Vuốt Huyết Tộc"			    220   	195 	205 	35          100	0	        0	     0	    47	    14	    0		0		0		0		0		0		0		0	0	0	3 
104	    0	    270	    1	2	1	    1	    0	    "Vuốt Vĩnh Hằng"			    220   	205 	215 	35          100	0	        0	     0	    47	    14	    0		0		0		0		0		0		0		0	0	0	3 

200	    0	    56	    1	4	1	    1	    0	     "Đao Hỏa Ngục"		            220	    120	    130	    45	        100	0	        155	    0	    91	    73	    17	    0	    0	    0	    0	    0	    0	    3	0	0	0
201	    0	    56	    1	4	1	    1	    0	     "Đao Ngũ Độc"		            220	    130	    140	    45	        100	0	        165	    0	    91	    73	    17	    0	    0	    0	    0	    0	    0	    3	0	0	0
202	    0	    56	    1	4	1	    1	    0	     "Đao Mộng Tuyết"		        220	    140	    150	    45	        100	0	        175	    0	    91	    73	    17	    0	    0	    0	    0	    0	    0	    3	0	0	0
203	    0	    56	    1	4	1	    1	    0	     "Đao Huyết Tộc"		        220	    150	    160	    45	        100	0	        185	    0	    91	    73	    17	    0	    0	    0	    0	    0	    0	    3	0	0	0
204	    0	    56	    1	4	1	    1	    0	     "Đao Vĩnh Hằng"		        220	    160	    170	    45	        100	0	        195	    0	    91	    73	    17	    0	    0	    0	    0	    0	    0	    3	0	0	0



end


//Index	Slot	Skill	X	Y	Serial	Option	Drop	Name						level	DameMin	DameMax	AttSpeed	Dur	MagicDur	MagicPW	ReqLvl	ReqStr	ReqDex	ReqEne	ReqVit	ReqLead	SetAttr	DW/SM	DK/BK	ELF/ME	MG	DL	SUM	RF
1		
0		0		0		1	3	1		1		1		"[Cấp1]Rìu Nhỏ"					1		1		6		20			18	0			0		0		50		0		0		0		0		1		1		1		1		1	1	1	1
1		0		0		1	3	1		1		1		"[Cấp1]Rìu Nhẹ"					4		4		9		30			20	0			0		0		70		0		0		0		0		1		1		1		1		1	1	1	1
2		0		19		1	3	1		1		1		"[Cấp1]Rìu Lưỡi Hái"			14		14		24		20			26	0			0		0		90		0		0		0		0		1		0		1		0		1	1	0	0
3		0		19		1	3	1		1		1		"[Cấp1]Rìu Thợ Săn"				18		18		28		30			28	0			0		0		100		0		0		0		0		1		0		1		0		1	1	0	1
4		0		0		1	3	1		1		1		"[Cấp1]Rìu Tiên Nữ"				26		26		38		40			32	0			0		0		50		70		0		0		0		1		1		0		1		1	0	1	0
5		0		19		2	3	1		1		1		"[Cấp2]Rìu Chiến"				30		36		44		20			36	0			0		0		120		0		0		0		0		1		0		1		1		1	0	0	0
6		0		19		2	3	1		1		1		"[Cấp2]Rìu Lưỡi Bạc"			34		38		50		30			44	0			0		0		130		0		0		0		0		1		0		1		1		1	0	0	0
7		0		19		2	3	1		1		1		"[Cấp3]Rìu Lưỡi Vàng"			46		54		67		25			55	0			0		0		140		0		0		0		0		1		0		1		0		1	0	0	0
8		0		19		2	3	1		1		1		"[Cấp3]Rìu Bán Nguyệt"			54		69		89		30			65	0			0		0		100		40		0		0		0		1		1		1		0		1	0	0	0

100	    0	    22	    1	4	1	    1	    0	    "Kiếm Hỏa Ngục"		            220	    140	    185	    45          100	0	        0	    0	    62	    43	    0	    0	    0	    0	    0	    3	    0	    0	0	0	0
101	    0	    22	    1	4	1	    1	    0	    "Kiếm Ngũ Độc"			        220	    145	    195	    45          100	0	        0	    0	    62	    43	    0	    0	    0	    0	    0	    3	    0	    0	0	0	0
102	    0	    22	    1	4	1	    1	    0	    "Kiếm Mộng Tuyết"			    220	    150	    205	    45          100	0	        0	    0	    62	    43	    0	    0	    0	    0	    0	    3	    0	    0	0	0	0
103	    0	    22	    1	4	1	    1	    0	    "Kiếm Huyết Tộc"			    220	    155	    215	    45          100	0	        0	    0	    62	    43	    0	    0	    0	    0	    0	    3	    0	    0	0	0	0
104	    0	    22	    1	4	1	    1	    0	    "Kiếm Vĩnh Hằng"			    220	    160	    225	    45          100	0	        0	    0	    62	    43	    0	    0	    0	    0	    0	    3	    0	    0	0	0	0
end

//Index	Slot	Skill	X	Y	Serial	Option	Drop	Name						level	DameMin	DameMax	AttSpeed	Dur	MagicDur	MagicPW	ReqLvl	ReqStr	ReqDex	ReqEne	ReqVit	ReqLead	SetAttr	DW/SM	DK/BK	ELF/ME	MG	DL	SUM	RF
2
0		0		0		1	3	1		1		1		"[Cấp1]Chùy"					7	    7	    13		15			21	0			0		0		100		0		0		0		0		1		0		1		0		1	1	0	1
1		0		19		1	3	1		1		1		"[Cấp2]Chùy Gai"				13	    13	    22		15			25	0			0		0		100		0		0		0		0		1		0		1		0		1	1	0	1
2		0		0		1	3	1		1		1		"[Cấp3]Chùy Dây"				22	    22	    32		15			32	0			0		0		80		50		0		0		0		1		0		1		0		1	1	0	1
3		0		19		2	3	1		1		1		"[Cấp1]Bùa Chiến"				38	    45	    56		15			50	0			0		0		150		0		0		0		0		1		0		1		0		1	0	0	1
4		0		19		2	3	1		1		1		"[Cấp3]Chùy Băng"				66	    78	    107		30			72	0			0		0		130		0		0		0		0		1		1		1		1		1	0	0	1
5		0		23		2	4	1		1		1		"[Cấp4]Kiếm Băng"				72	    89	    120		40			76	0			0		0		130		70		0		0		0		1		1		1		1		1	0	0	0
6		0		23		2	4	1		1		1		"[Cấp4]Rìu Hỏa Long"			75	    102	    130		35			80	0			0		0		140		50		0		0		0		0		0		1		0		1	0	0	0
7		0		0		1	3	1		1		1		"[Cấp5]Chùy Thánh Nữ"			90	    62	    80		50			50	0			0		0		15		42		0		0		0		1		0		0		2		0	0	0	0
8		0		66		1	3	1		1		1		"[Cấp2]Trượng Chiến"			54	    41	    52		45			40	0			3		0		80		17		0		0		0		1		0		0		0		0	1	0	0
9		0		66		1	3	1		1		1		"[Cấp3]Trượng Thép"				72	    57	    68		45			45	0			20		0		87		18		0		0		0		1		0		0		0		0	1	0	0
10		0		66		1	4	1		1		1		"[Cấp4]Trượng Bóng Tối"			82	    74	    85		45			65	0			35		0		100		21		0		0		0		1		0		0		0		0	1	0	0
11		0		66		1	4	1		1		1		"[Cấp5]Trượng Kim Cương"		98	    91	    102		40			72	0			52		0		105		23		0		0		0		1		0		0		0		0	1	0	0
12		0		66		1	4	1		1		1		"[Cấp7]Tr.Đại Vương"		    140	    105	    115		40			84	0			67		0		90		20		0		0		0		1		0		0		0		0	1	0	0
13		0		66		1	4	1		1		0		"[VKR1]Trượng Thiên Tử"	        150	    110	    125		45			90	0			138		0		75		16		0		0		0		1		0		0		0		0	1	0	0
14		0		66		1	4	1		1		0		"[Cấp8]Tr.Thái Dương"		    146	    115	    135		40			95	0			84		380		80		15		0		0		0		0		0		0		0		0	1	0	0
15		0		66		1	4	1		1		1		"[Cấp6]Trượng Tối Cao"			110	    99	    111		40			78	0			60		0		108		22		0		0		0		0		0		0		0		0	1	0	0
16		0		0		1	3	1		1		0		"[Cấp9]Chùy Băng Tinh"			121	    106	    146		50			80	0			0		380		27		19		0		0		0		1		0		0		2		0	0	0	0
17		0		66		1	4	1		1		0		"[Cấp9]Lôi Phong Trượng"		135	    150	    175		40			90	0			72		380		119		24		0		0		0		0		0		0		0		0	1	0	0
24		0		19		1	3	1		1		0		"[Cấp7]Chùy Vương"				150	    133	    143		65			100	0			0		0		144		100		0		0		0		0		0		3		0		0	0	0	0

100	    0	    66	    1	4	1	    1	    0	    "Trượng Hỏa Ngục"			    220	    165	    175	    45	        170	0	        195	    0	    85	    26	    0	    0	    0	    0	    0	    0	    0	    0	3	0	0
101	    0	    66	    1	4	1	    1	    0	    "Trượng Ngũ Độc"			    220	    175	    185	    45	        170	0	        205	    0	    85	    26	    0	    0	    0	    0	    0	    0	    0	    0	3	0	0
102	    0	    66	    1	4	1	    1	    0	    "Trượng Mộng Tuyết"			    220	    185	    195	    45	        170	0	        215	    0	    85	    26	    0	    0	    0	    0	    0	    0	    0	    0	3	0	0
103	    0	    66	    1	4	1	    1	    0	    "Trượng Huyết Tộc"			    220	    195	    205	    45	        170	0	        225	    0	    85	    26	    0	    0	    0	    0	    0	    0	    0	    0	3	0	0
104	    0	    66	    1	4	1	    1	    0	    "Trượng Vĩnh Hằng"			    220	    205	    215	    45	        170	0	        235	    0	    85	    26	    0	    0	    0	    0	    0	    0	    0	    0	3	0	0

end

//Index	Slot	Skill	X	Y	Serial	Option	Drop	Name						level	DameMin	DameMax	AttSpeed	Dur	MagicDur	MagicPW	ReqLvl	ReqStr	ReqDex	ReqEne	ReqVit	ReqLead	SetAttr	DW/SM	DK/BK	ELF/ME	MG	DL	SUM	RF
3
0		0		22		2	4	1		1		1		"[Cấp1]Giáo Ánh Sáng"			42		50		63		25			56	0			0		0		60		70		0		0		0		1		0		1		1		1	0	0	0
1		0		0		2	4	1		1		1		"[Cấp1]Giáo"					23		30		41		30			42	0			0		0		70		50		0		0		0		1		0		1		1		1	0	0	0
2		0		0		2	4	1		1		1		"[Cấp1]Thương"					15		21		33		30			34	0			0		0		70		50		0		0		0		1		0		1		1		1	0	0	0
3		0		0		2	4	1		1		1		"[Cấp1]Đinh Ba"					29		35		43		25			44	0			0		0		90		30		0		0		0		1		0		1		1		1	0	0	0
4		0		20		2	4	1		1		1		"[Cấp1]Xà Giáo"					46		58		80		20			58	0			0		0		90		30		0		0		0		1		0		1		1		1	0	0	0
5		0		0		2	4	1		1		1		"[Cấp2]Giáo Hai Lưỡi"			13		19		31		30			38	0			0		0		70		50		0		0		0		1		0		1		1		1	0	0	0
6		0		0		2	4	1		1		1		"[Cấp1]Kích"					19		25		35		30			40	0			0		0		70		50		0		0		0		1		0		1		1		1	0	0	0
7		0		22		2	4	1		1		1		"[Cấp2]Kích Hai Đầu"			37		42		54		30			54	0			0		0		80		50		0		0		0		1		0		1		1		1	0	0	0
8		0		22		2	4	1		1		1		"[Cấp3]Lưỡi Hái"				54		71		92		25			68	0			0		0		90		50		0		0		0		1		0		1		1		1	0	0	0
9		0		22		2	4	1		1		1		"[Cấp4]Lưỡi Hái Tử Thần"		63		76		102		25			74	0			0		0		80		50		0		0		0		1		0		1		1		1	0	0	0
10		0		22		2	4	1		1		1		"[Cấp5]Đại Long Đao"			92		112		140		35			85	0			0		0		170		60		0		0		0		1		0		2		0		0	0	0	0
11		0		22		2	4	1		1		0		"[Cấp7]Vuốt Quỷ"				147		190		226		40			90	0			0		0		152		25		0		0		0		1		0		2		0		1	0	0	0

end

//Index	Slot	Skill	X	Y	Serial	Option	Drop	Name						level	DameMin	DameMax	AttSpeed	Dur	MagicDur	MagicPW	ReqLvl	ReqStr	ReqDex	ReqEne	ReqVit	ReqLead	SetAttr	DW/SM	DK/BK	ELF/ME	MG	DL	SUM	RF
4
0		1		24		2	3	1		1		1		"[Cấp1]Cung Nhỏ"				2	    3	    5		30			20	0			0		0		20		80		0		0		0		2		0		0		1		0	0	0	0
1		1		24		2	3	1		1		1		"[Cấp1]Cung"					8	    9	    13	    30			24	0			0		0		30		90		0		0		0		2		0		0		1		0	0	0	0
2		1		24		2	3	1		1		1		"[Cấp1]Cung Hoa"				16	    17	    24	    30			28	0			0		0		30		90		0		0		0		2		0		0		1		0	0	0	0
3		1		24		2	3	1		1		1		"[Cấp1]Cung Chiến"				26	    28	    37	    30			36	0			0		0		30		90		0		0		0		2		0		0		1		0	0	0	0
4		1		24		2	4	1		1		1		"[Cấp1]Cung Hổ"					40	    42	    52	    30			43	0			0		0		30		100		0		0		0		2		0		0		1		0	0	0	0
5		1		24		2	4	1		1		1		"[Cấp2]Cung Bạc"				56	    59	    71	    40			48	0			0		0		30		100		0		0		0		2		0		0		1		0	0	0	0
6		1		24		2	4	1		1		0		"[Cấp3]Mai Hoa Cung"			75	    88	    106	    35			68	0			0		0		40		150		0		0		0		0		0		0		1		0	0	0	0
7		1		0		1	1	1		1		0		"[Cấp1]Tên Nỏ"					0	    0	    0	    0			255	0			0		0		0		0		0		0		0		0		0		0		1		0	0	0	0
8		0		24		2	2	1		1		1		"[Cấp1]Nỏ"						4	    5	    8	    40			22	0			0		0		20		90		0		0		0		2		0		0		1		0	0	0	0
9		0		24		2	2	1		1		1		"[Cấp1]Nỏ Vàng"					12	    13	    19	    40			26	0			0		0		30		90		0		0		0		2		0		0		1		0	0	0	0
10		0		24		2	2	1		1		1		"[Cấp1]Nỏ Thép"					20	    22	    30	    40			31	0			0		0		30		90		0		0		0		2		0		0		1		0	0	0	0
11		0		24		2	3	1		1		1		"[Cấp1]Nỏ Ánh Sáng"				32	    35	    44	    40			40	0			0		0		30		90		0		0		0		2		0		0		1		0	0	0	0
12		0		24		2	3	1		1		1		"[Cấp1]Nỏ Rắn"					48	    50	    61	    40			45	0			0		0		30		100		0		0		0		2		0		0		1		0	0	0	0
13		0		24		2	3	1		1		1		"[Cấp2]Nỏ Thiên Thanh"			68	    68	    82	    40			56	0			0		0		40		110		0		0		0		2		0		0		1		0	0	0	0
14		0		24		2	3	1		1		1		"[Cấp3]Nỏ Kim Ngân"				72	    78	    92	    30			60	0			0		0		50		130		0		0		0		2		0		0		1		0	0	0	0
15		0		0		1	1	1		1		0		"[Cấp1]Tên Cung"				0	    0	    0	    0			255	0			0		0		0		0		0		0		0		0		0		0		1		0	0	0	0
16		0		24		2	4	1		1		1		"[Cấp4]Nỏ Thánh"				84	    102	    127	    35			72	0			0		0		50		160		0		0		0		2		0		0		1		0	0	0	0
17		1		24		2	4	1		1		1		"[Cấp5]Cung Thiên Mệnh"			92	    95	    110	    35			76	0			0		0		54		198		0		0		0		2		0		0		2		0	0	0	0
18		0		24		2	3	1		1		0		"[VKR1]Nỏ Hỏa Long"		        147	    110	    125	    45			200	0			0		0		40		110		0		0		0		0		0		0		1		0	0	0	0
19		0		24		2	3	1		1		1		"[Cấp7]Nỏ Thánh Nữ"				135	    95	    117	    40			80	0			0		0		61		285		0		0		0		2		0		0		2		0	0	0	0
20		1		24		2	4	1		1		1		"[Cấp7]Mỹ Nhân Cung"			100	    95	    117	    45			86	0			0		0		52		245		0		0		0		2		0		0		2		0	0	0	0
21		1		24		2	4	1		1		0		"[Cấp8]Cung Thái Bình"			100	    115	    135	    45			93	0			0		380		46		210		0		0		0		0		0		0		2		0	0	0	0
22		1		24		2	4	1		1		1		"[Cấp6]Cung Thiên Thần"			110	    85	    105	    45			70	0			0		0		60		265		0		0		0		0		0		0		2		0	0	0	0
23		1		24		2	4	1		1		0		"[Cấp9]Cung Thiên Vũ"			134	    150	    175	    45			80	0			0		380		32		209		0		0		0		2		0		0		2		0	0	0	0
24		1		24		2	4	1		1		0		"[Cấp9]Cung Thần Ưng"			147	    150	    175	    45			88	0			0		0		49		226		0		0		0		0		0		0		2		0	0	0	0

100	    1		24		2	4	1		1		0		"Cung Hỏa Ngục"			        200	    265	    285	    45	       100	0	        0	    350	    27	    170	    0	    0	    0	    0	    0	    0	    3	    0	0	0	0
101	    0		24		2	4	1		1		0		"Cung Ngũ Độc"			        200	    275	    295	    45	       100	0	        0	    350	    27	    170	    0	    0	    0	    0	    0	    0	    3	    0	0	0	0
102	    1		24		2	4	1		1		0		"Cung Mộng Tuyết"			    200	    285	    305	    45	       100	0	        0	    350	    27	    170	    0	    0	    0	    0	    0	    0	    3	    0	0	0	0
103	    1		24		2	4	1		1		0		"Cung Huyết Tộc"			    200	    295	    315	    45	       100	0	        0	    350	    27	    170	    0	    0	    0	    0	    0	    0	    3	    0	0	0	0
104	    1		24		2	4	1		1		0		"Cung Vĩnh Hằng"			    200	    305	    325	    45	       100	0	        0	    350	    27	    170	    0	    0	    0	    0	    0	    0	    3	    0	0	0	0
end

//Index	Slot	Skill	X	Y	Serial	Option	Drop	Name						level	DamageMin	DamageMax	AttackSpeed	Dur	MagicDur	MagicPW	ReqLvl	ReqStr	ReqDex	ReqEne	ReqVit	ReqLead	SetAttr	DW/SM	DK/BK	ELF/ME	MG	DL SUM	RF
5		
0		0		0		1	3	1		1		1	"[Cấp1]Gậy Xương"					6	    3	    4		20			0	20			6		0		40		0		0		0		0		3		1		0		0		1	0	1	0
1		0		0		2	3	1		1		1	"[Cấp1]Gậy Tiên"					18	    10	    12		25			0	38			20		0		50		0		0		0		0		3		1		0		0		1	0	0	0
2		0		0		2	3	1		1		1	"[Cấp1]Gậy Rắn"						30	    17	    18		25			0	50			34		0		50		0		0		0		0		3		1		0		0		1	0	0	0
3		0		0		2	4	1		1		1	"[Cấp2]Gậy Sét"						42	    23	    25		25			0	60			46		0		40		10		0		0		0		3		1		0		0		1	0	0	0
4		0		0		2	4	1		1		1	"[Cấp2]Gậy Đầu Lâu"					52	    29	    32		25			0	65			58		0		50		0		0		0		0		3		1		0		0		1	0	0	0
5		0		0		1	4	1		1		1	"[Cấp3]Gậy Ma Thuật"				59	    29	    31		25			0	66			59		0		50		0		0		0		0		3		1		0		0		1	0	0	0
6		0		0		1	4	1		1		1	"[Cấp3]Gậy Phục Sinh"				70	    35	    39		25			0	70			70		0		60		10		0		0		0		3		1		0		0		1	0	0	0
7		0		0		2	4	1		1		1	"[Cấp3]Gậy Lôi Phong"				75	    47	    48		30			0	70			94		0		60		10		0		0		0		0		1		0		0		1	0	0	0
8		0		0		2	4	1		1		1	"[Cấp4]Gậy Hủy Diệt"				90	    50	    54		30			0	85			101		0		60		10		0		0		0		3		1		0		0		1	0	0	0
9		0		0		1	4	1		1		1	"[Cấp5]Gậy Triệu Hồn"				100	    46	    48		30			0	91			92		0		52		16		0		0		0		3		2		0		0		0	0	0	0
10		0		0		1	4	1		1		0	"[VKR1]Gậy Hỏa Long"			    104	    110	    125		30			0	182			156		0		36		4		0		0		0		0		1		0		0		1	0	0	0
11		0		0		1	4	1		1		1	"[Cấp6]Gậy KunDun"					140	    40	    55		30			0	95			110		0		45		16		0		0		0		0		2		0		0		1	0	0	0
12		0		0		1	4	1		1		0	"[Cấp8]Gậy Thần Ma"					147	    115	    135		30			0	100			130		380		39		13		0		0		0		0		2		0		0		0	0	0	0
13		0		0		1	4	1		1		1	"[Cấp7]Gậy Thiên Sứ"				147	    70	    78		30			0	78			120		0		50		16		0		0		0		0		2		0		0		0	0	0	0
14		0		0		1	4	1		1		1	"[Cấp3]Gậy Phép Thuật"				28	    17	    18		25			0	50			34		0		34		14		0		0		0		0		0		0		0		0	0	1	0
15		0		0		1	4	1		1		1	"[Cấp4]Gậy Gió"						42	    23	    25		25			0	60			46		0		33		17		0		0		0		0		0		0		0		0	0	1	0
16		0		0		1	4	1		1		1	"[Cấp5]Gậy Triệu Hồi"				59	    29	    31		25			0	65			59		0		36		14		0		0		0		0		0		0		0		0	0	1	0
17		0		0		1	4	1		1		1	"[Cấp6]Gậy Ánh Bạc"					78	    38	    40		25			0	81			76		0		50		19		0		0		0		0		0		0		0		0	0	1	0
18		0		0		1	4	1		1		1	"[Cấp7]Khuyển Xích Quỷ"				100	    53	    58		30			0	91			92		0		54		15		0		0		0		0		0		0		0		0	0	2	0
19		0		0		1	4	1		1		0	"[Cấp8]Khuyển Bão Điện"				110	    115	    135		30			0	95			110		380		64		15		0		0		0		0		0		0		0		0	0	2	0
21		1		223		1	2	1		1		1	"[Cấp5]Sách Hỏa Kỳ Lân"				52	    0	    0		25			0	60			46		0		0		20		135		0		0		0		0		0		0		0	0	1	0
22		1		224		1	2	1		1		1	"[Cấp6]Sách Quỷ Kiếm"				59	    0	    0		25			0	65			59		0		0		25		168		0		0		0		0		0		0		0	0	1	0
23		1		225		1	2	1		1		1	"[Cấp7]Sách Ma Công"				65	    0	    0		25			0	50			72		0		0		30		201		0		0		0		0		0		0		0	0	1	0
30		0		0		1	4	1		1		0	"[Cấp9]Gậy Giác Đấu"				138	    57      59		30			0	91			126		380		47		18		0		0		0		3		0		0		0		1	0	0	0
31		0		0		1	4	1		1		0	"[Cấp9]Gậy Quỷ Vương"				137	    150     175		30			0	182			124		380		48		14		0		0		0		0		2		0		0		0	0	0	0
32		0		0		1	4	1		1		0	"[Cấp9]Gậy Chiêm Tinh"				130	    150     175		30			0	130			120		380		56		14		0		0		0		0		0		0		0		0	0	2	0 
33		0		0		1	4	1		1		0	"[Cấp7]Gậy Mãng Xà"					147	    55      57		30			0	78			124		0		50		12		0		0		0		0		2		0		0		1	0	0	0
34		0		0		1	4	1		1		0	"[Cấp7]Gậy Hồng Ngọc"				147	    70      78		30			0	98			130		0		50		14		0		0		0		0		0		0		0		0	0	2	0
36		0		0		1	4	1		1		0	"[VKR1]Khuyển Thiên Nữ"	            157	    110     125		30			0	182			146		0		55		13		0		0		0		0		0		0		0		0	0	1	0

100	    0		0		1	4	1		1		0	"Gậy Hỏa Ngục"				        220	    255	    265	    30	        0	100	        209	    0	    23	     5	    0	    0	    0	    0	    3	    0	    0	    3	0	3	0
101	    0		0		1	4	1		1		0	"Gậy Ngũ Độc"				        220	    265	    275	    30	        0	100	        219	    0	    23	     5	    0	    0	    0	    0	    3	    0	    0	    3	0	3	0
102	    0		0		1	4	1		1		0	"Gậy Mộng Tuyết"				    220	    275	    285	    30	        0	100	        229	    0	    23	     5	    0	    0	    0	    0	    3	    0	    0	    3	0	3	0
103	    0		0		1	4	1		1		0	"Gậy Huyết Tộc"				        220	    285	    295	    30	        0	100	        239	    0	    23	     5	    0	    0	    0	    0	    3	    0	    0	    3	0	3	0
104	    0		0		1	4	1		1		0	"Gậy Vĩnh Hằng"				        220	    295	    305	    30	        0	100	        249	    0	    23	     5	    0	    0	    0	    0	    3	    0	    0	    3	0	3	0
end


//Index	Slot	Skill	X	Y	Serial	Option	Drop	Name					level	Defense	SuccessfulBlocking	Dur	ReqLvl	ReqStr	ReqDex	ReqEne	ReqVit	ReqLead	SetAttr	DW/SM	DK/BK	ELF/ME	MG	DL SUM	RF
6
0		1		0		2	2	1		1		1	"[Cấp1]Khiên Tròn"				    3		1		3		22			0	70			0		0		0		0		4		1		1		1		1		1		0		0
1		1		0		2	2	1		1		1	"[Cấp1]Khiên Sừng"				    9		3		9		28			0	100			0		0		0		0		4		0		1		0		1		1		0		0
2		1		0		2	2	1		1		1	"[Cấp1]Khiên Diều"				    12		4		12		32			0	110			0		0		0		0		4		0		1		0		1		1		0		0
3		1		0		2	2	1		1		1	"[Cấp2]Khiên Tiên Nữ"				21		8		21		36			0	30			100		0		0		0		4		0		0		1		0		0		0		0
4		1		18		2	2	1		1		1	"[Cấp2]Khiên Sắt"					6		2		6		24			0	80			0		0		0		0		4		1		1		1		1		1		0		0
5		1		18		2	2	1		1		1	"[Cấp3]Khiên Kim Long"			    35		10		36		44			0	100			40		0		0		0		4		0		1		0		1		1		0		0
6		1		18		2	2	1		1		1	"[Cấp2]Khiên Xương"				    15		5		15		34			0	110			0		0		0		0		4		1		1		1		1		1		0		0
7		1		18		2	2	1		1		1	"[Cấp3]Khiên Chông"				    30		9		30		40			0	130			0		0		0		0		4		0		1		0		1		1		0		0
8		1		18		2	2	1		1		1	"[Cấp4]Khiên Trụ"				  	40		11		40		46			0	130			0		0		0		0		4		0		1		1		1		1		0		0
9		1		18		2	2	1		1		1	"[Cấp2]Khiên Gia Huy"				25		8		25		38			0	120			0		0		0		0		4		0		1		0		1		1		0		0
10		1		18		2	2	1		1		1	"[Cấp2]Khiên Bạc"					18		6		18		35			0	120			0		0		0		0		4		0		1		0		1		1		0		0
11		1		18		2	2	1		1		1	"[Cấp3]Khiên Xà"					45		12		45		48			0	130			0		0		0		0		4		0		1		1		1		1		0		0
12		1		18		2	2	1		1		1	"[Cấp4]Khiên Ngưu Vương"			54		13		54		52			0	140			0		0		0		0		4		0		1		0		1		0		0		0
13		1		18		2	2	1		1		1	"[Cấp5]Khiên Hỏa Long"			    60		14		60		60			0	120			40		0		0		0		4		0		1		0		1		0		0		0
14		1		0		2	3	1		1		1	"[Cấp4]Khiên Ma Thuật"			    48		7		48		50			0	90			25		0		0		0		4		1		0		1		1		0		0		0
15		1		0		2	3	1		1		1	"[Cấp5]Khiên Triệu Hồn"			    74		12		55		55			0	70			23		0		0		0		4		2		0		0		0		0		0		0
16		1		0		2	2	1		1		1	"[Cấp5]Khiên Thánh Nữ"			    66		11		28		51			0	30			60		30		0		0		4		0		0		2		0		0		0		0
17		1		18		2	2	1		1		0	"[Cấp9]Khiên Vinh Quang"			104		19		90		51			380	95			48		0		0		0		4		0		2		0		0		0		0		0
18		1		18		2	2	1		1		0	"[Cấp9]Khiên Giác Đấu"			    102		20		96		51			380	80			61		0		0		0		4		0		0		0		1		0		0		0
19		1		0		2	2	1		1		0	"[Cấp9]Khiên Băng Tinh"			    99		14		58		51			380	26			53		26		0		0		4		0		0		2		0		0		0		0
20		1		18		2	2	1		1		0	"[Cấp9]Khiên Bạch Dương"			106		12		30		51			380	54			18		0		0		0		4		2		0		0		0		0		0		0
21		1		18		2	2	1		1		1	"[Cấp5]Khiên Thập Tự"				70		16		75		65			0	140			55		0		0		0		4		0		0		0		0		1		0		0

100	    1		18		2	2	1		1		1	"Khiên Hỏa Ngục"		            140	    16	    170	    65	        0	140         55	    0	    0	    0	    0	    3	    3	    3	    3	    3	    3	    0
101	    1		18		2	2	1		1		1	"Khiên Ngũ Độc"		                140	    16	    170	    65	        0	140         55	    0	    0	    0	    0	    3	    3	    3	    3	    3	    3	    0
102	    1		18		2	2	1		1		1	"Khiên Mộng Tuyết"		            140	    16	    170	    65	        0	140         55	    0	    0	    0	    0	    3	    3	    3	    3	    3	    3	    0
103	    1		18		2	2	1		1		1	"Khiên Huyết Tộc"		            140	    16	    170	    65	        0	140         55	    0	    0	    0	    0	    3	    3	    3	    3	    3	    3	    0
104	    1		18		2	2	1		1		1	"Khiên Vĩnh Hằng"		            140	    16	    170	    65	        0	140         55	    0	    0	    0	    0	    3	    3	    3	    3	    3	    3	    0

end  

//Index	Slot	Skill	X	Y	Serial	Option	Drop	Name			level	Defense	MagicDefense	Dur	ReqLvl	ReqStr	ReqDex	ReqEne	ReqVit	ReqLead	SetAttr	DW/SM	DK/BK	ELF/ME	MG	DL SUM	RF
7
0		2	    0	    2	2	1	    1	    1		"[Cấp1]Mũ Đồng"					16		9		0		34		0		80		20		0		0		0		4		0		1		0		0		1		0		0
1		2	    0	    2	2	1	    1	    1		"[Cấp4]Mũ Hỏa Long"				57		24		0		68		0		120		30		0		0		0		4		0		1		0		0		0		0		0
2		2	    0	    2	2	1	    1	    1		"[Cấp1]Mũ Vải Thô"				5		4		0		28		0		20		0		0		0		0		4		1		0		0		0		0		0		0
3		2	    0	    2	2	1	    1	    1		"[Cấp4]Mũ Ma Thuật"				50		18		0		42		0		30		0		0		0		0		4		1		0		0		0		0		0		0
4		2	    0	    2	2	1	    1	    1		"[Cấp2]Mũ Xương"				18		9		0		30		0		30		0		0		0		0		4		1		0		0		0		0		0		0
5		2	    0	    2	2	1	    1	    1		"[Cấp1]Mũ Da"					6		5		0		30		0		80		0		0		0		0		4		0		1		0		0		1		0		1
6		2	    0	    2	2	1	    1	    1		"[Cấp2]Mũ Trâu Xanh"			26		12		0		40		0		110		0		0		0		0		4		0		1		0		0		1		0		1
7		2	    0	    2	2	1	    1	    1		"[Cấp3]Mũ Nhân Sư"				32		13		0		36		0		30		0		0		0		0		4		1		0		0		0		0		0		0
8		2	    0	    2	2	1	    1	    1		"[Cấp2]Mũ Thiên Kim"			36		17		0		44		0		100		30		0		0		0		4		0		1		0		0		0		0		1
9		2	    0	    2	2	1	    1	    1		"[Cấp3]Mũ Thiết Phiến"			46		20		0		50		0		130		0		0		0		0		4		0		1		0		0		0		0		1
10		2	    0	    2	2	1	    1	    1		"[Cấp1]Mũ Trinh Nữ"				6		4		0		22		0		30		60		0		0		0		4		0		0		1		0		0		0		0
11		2	    0	    2	2	1	    1	    1		"[Cấp1]Mũ Lụa"					16		8		0		26		0		30		70		0		0		0		4		0		0		1		0		0		0		0
12		2	    0	    2	2	1	    1	    1		"[Cấp2]Mũ Thiên Thanh"			28		12		0		32		0		30		80		0		0		0		4		0		0		1		0		0		0		0
13		2	    0	    2	2	1	    1	    1		"[Cấp3]Mũ Ngọc Bích"			40		16		0		38		0		40		80		0		0		0		4		0		0		1		0		0		0		0
14		2	    0	    2	2	1	    1	    1		"[Cấp4]Mũ Kim Ngân"				53		23		0		45		0		40		80		0		0		0		4		0		0		1		0		0		0		0
16		2	    0	    2	2	1	    1	    1		"[Cấp5]Mũ Hắc Long"				82		30		0		74		0		170		60		0		0		0		4		0		1		0		0		0		0		0
17		2	    0	    2	2	1	    1	    1		"[Cấp6]Mũ Phượng Hoàng"			92		43		0		80		0		205		62		0		0		0		4		0		2		0		0		0		0		0
18		2	    0	    2	2	1	    1	    1		"[Cấp6]Mũ Triệu Hồn"			81		27		0		67		0		59		20		0		0		0		4		2		0		0		0		0		0		0
19		2	    0	    2	2	1	    1	    1		"[Cấp6]Mũ Giai Nhân"			85		37		0		74		0		50		110		0		0		0		4		0		0		2		0		0		0		0
21		2	    0	    2	2	1	    1	    1		"[Cấp7]Mũ Thần Long"			104		53		0		86		0		200		58		0		0		0		4		0		2		0		0		0		0		0
22		2	    0	    2	2	1	    1	    1		"[Cấp7]Mũ Ma Vương"				110		36		0		75		0		55		18		0		0		0		4		2		0		0		0		0		0		0
24		2	    0	    2	2	1	    1	    1		"[Cấp7]Mũ Thánh Nữ"				93		46		0		80		0		52		115		0		0		0		4		0		0		2		0		0		0		0
25		2	    0	    2	2	1	    1	    1		"[Cấp3]Mũ Thiết Ma"				46		20		0		42		0		70		20		0		0		0		4		0		0		0		0		1		0		0
26		2	    0	    2	2	1	    1	    1		"[Cấp4]Mũ Huyền Thiết"			66		24		0		56		0		77		21		0		0		0		4		0		0		0		0		1		0		0
27		2	    0	    2	2	1	    1	    1		"[Cấp5]Mũ Hắc Vương"			86		26		0		70		0		84		22		0		0		0		4		0		0		0		0		1		0		0
28		2	    0	    2	2	1	    1	    1		"[Cấp7]Mũ Chí Tôn"				106		34		0		78		0		80		21		0		0		0		4		0		0		0		0		1		0		0
29		2	    0	    2	2	1	    1	    0		"[Cấp8]Mũ Quyền Năng"			130		66		0		90		380		170		60		0		0		0		0		0		2		0		0		0		0		0
30		2	    0	    2	2	1	    1	    0		"[Cấp8]Mũ Thần Ma"				126		48		0		86		380		44		15		0		0		0		0		2		0		0		0		0		0		0
31		2	    0	    2	2	1	    1	    0		"[Cấp8]Mũ Thái Bình"			126		57		0		86		380		38		80		0		0		0		0		0		0		2		0		0		0		0
33		2	    0	    2	2	1	    1	    0		"[Cấp8]Mũ Thái Dương"			130		46		0		82		380		62		16		0		0		0		0		0		0		0		0		1		0		0
34		2	    0	    2	2	1	    1	    1		"[Cấp5]Mũ Hắc Điểu"				67		27		0		72		0		160		50		0		0		0		0		0		1		0		0		0		0		0
35		2	    0	    2	2	1	    1	    1		"[Cấp5]Mũ Ánh Trăng"			67		22		0		54		0		53		12		0		0		0		0		1		0		0		0		0		0		0
36		2	    0	    2	2	1	    1	    1		"[Cấp5]Mũ Nữ Thần"				67		30		0		59		0		50		70		0		0		0		0		0		0		1		0		0		0		0
38		2	    0	    2	2	1	    1	    1		"[Cấp6]Mũ Hoàng Kim"			97		30		0		74		0		80		21		0		0		0		0		0		0		0		0		1		0		0
39		2	    0	    2	2	1	    1	    1		"[Cấp4]Mũ Thuật Sĩ"				28		13		0		36		0		31		0		0		0		0		4		0		0		0		0		0		1		0
40		2	    0	    2	2	1	    1	    1		"[Cấp5]Mũ Hỏa Thiên"			50		18		0		42		0		26		4		0		0		0		4		0		0		0		0		0		1		0
41		2	    0	    2	2	1	    1	    1		"[Cấp6]Mũ Ma Pháp"				68		24		0		54		0		52		16		0		0		0		4		0		0		0		0		0		1		0
42		2	    0	    2	2	1	    1	    1		"[Cấp7]Mũ Phục Ma"				81		32		0		67		0		60		20		0		0		0		0		0		0		0		0		0		2		0
43		2	    0	    2	2	1	    1	    0		"[Cấp8]Mũ Bão Điện"				110		43		0		75		380		56		20		0		0		0		0		0		0		0		0		0		2		0
44		2	    0	    2	2	1	    1	    0		"[Cấp9]Mũ Nữ Vương"				116		35		0		86		380		62		20		170		0		0		0		0		0		0		0		0		2		0
45		2	    0	    2	2	1	    1	    0		"[Cấp9]Mũ Thần Thoại"			111		63		0		86		380		222		32		0		0		0		0		0		1		0		0		0		0		0
46		2	    0	    2	2	1	    1	    0		"[Cấp9]Mũ Hoàng Long"			107		51		0		86		380		74		162		0		0		0		0		0		1		0		0		0		0		0
49		2	    0	    2	2	1	    1	    0		"[Cấp9]Mũ Thiên Vũ"				111		50		0		86		380		55		197		0		0		0		0		0		0		1		0		0		0		0
50		2	    0	    2	2	1	    1	    0		"[Cấp9]Mũ Anh Vũ"				104		44		0		86		380		32		29		138		0		0		0		0		0		1		0		0		0		0
51		2	    0	    2	2	1	    1	    0		"[Cấp9]Mũ Đế Vương"				111		44		0		86		380		105		38		0		0		0		0		0		0		0		0		1		0		0
52		2	    0	    2	2	1	    1	    0		"[Cấp9]Mũ Quỷ Vương"			109		41		0		86		380		60		15		181		0		0		0		1		0		0		0		0		0		0
53		2	    0	    2	2	1	    1	    0		"[Cấp9]Mũ Chiêm Tinh"			112		80		0		86		380		60		15		0		0		0		0		0		0		0		0		0		3		0 
59		2	    0	    2	2	1	    1	    1		"[Cấp5]Mũ Địa Long"				54		24		0		52		0		85		0		0		75		0		2		0		0		0		0		0		0		1
60		2	    0	    2	2	1	    1	    1		"[Cấp6]Mũ Bạch Hổ"				70		32		0		68		0		100		0		0		90		0		0		0		0		0		0		0		0		1
61		2	    0	    2	2	1	    1	    1		"[Cấp7]Mũ Quyền Lực"			90		45		0		82		0		115		0		0		100		0		0		0		0		0		0		0		0		1
73		2	    0	    2	2	1	    1	    0		"[Cấp8]Mũ Bạch Long"			128		60		0		88		380		97		0		0		85		0		0		0		0		0		0		0		0		1
77		2	    0	    2	2	1	    1	    0		"[Cấp9]Mũ Huyết Long"			128		60		0		88		380		97		0		0		85		0		0		0		0		0		0		0		0		3 

100	    2	    0	    2	2	1	    1	    0		"Mũ Hỏa Ngục" 				    128		60		0		88		380		97		0		0		85		0		0		3		3		3		0		3		3		3
101	    2	    0	    2	2	1	    1	    0		"Mũ Ngũ Độc" 					128		60		0		88		380		97		0		0		85		0		0		3		3		3		0		3		3		3
102	    2	    0	    2	2	1	    1	    0		"Mũ Mộng Tuyết"				    128		60		0		88		380		97		0		0		85		0		0		3		3		3		0		3		3		3
103	    2	    0	    2	2	1	    1	    0		"Mũ Huyết Tộc" 				    128		60		0		88		380		97		0		0		85		0		0		3		3		3		0		3		3		3
104	    2	    0	    2	2	1	    1	    0		"Mũ Vĩnh Hằng" 				    128		60		0		88		380		97		0		0		85		0		0		3		3		3		0		3		3		3

end

//Index	Slot	Skill	X	Y	Serial	Option	Drop	Name			level	Defense	MagicDefense	Dur	ReqLvl	ReqStr	ReqDex	ReqEne	ReqVit	ReqLead	SetAttr	DW/SM	DK/BK	ELF/ME	MG	DL SUM	RF
8
0		3		0		2	2	1		1		1		"[Cấp1]Áo Đồng"					18		14		0		34		0		80		20		0		0		0		4		0		1		0		1		1		0		0 
1		3		0		2	3	1		1		1		"[Cấp4]Áo Hỏa Long"				59		37		0		68		0		120		30		0		0		0		4		0		1		0		1		0		0		0 
2		3		0		2	2	1		1		1		"[Cấp1]Áo Vải Thô"				10		7		0		28		0		30		0		0		0		0		4		1		0		0		1		0		0		0 
3		3		0		2	2	1		1		1		"[Cấp4]Áo Ma Thuật"				56		22		0		42		0		40		0		0		0		0		4		1		0		0		1		0		0		0 
4		3		0		2	2	1		1		1		"[Cấp2]Áo Xương"				22		13		0		30		0		40		0		0		0		0		4		1		0		0		1		0		0		0 
5		3		0		2	3	1		1		1		"[Cấp1]Áo Da"					10		10		0		30		0		80		0		0		0		0		4		0		1		0		1		1		0		1 
6		3		0		2	2	1		1		1		"[Cấp2]Áo Trâu Xanh"			28		18		0		40		0		110		0		0		0		0		4		0		1		0		1		1		0		1 
7		3		0		2	3	1		1		1		"[Cấp3]Áo Nhân Sư"				38		17		0		36		0		40		0		0		0		0		4		1		0		0		1		0		0		0 
8		3		0		2	2	1		1		1		"[Cấp2]Áo Thiên Kim"			38		22		0		44		0		100		30		0		0		0		4		0		1		0		1		0		0		1 
9		3		0		2	2	1		1		1		"[Cấp3]Áo Thiết Phiến"			48		30		0		50		0		130		0		0		0		0		4		0		1		0		1		0		0		1 
10		3		0		2	2	1		1		1		"[Cấp1]Áo Trinh Nữ"				10		8		0		22		0		30		60		0		0		0		4		0		0		1		0		0		0		0 
11		3		0		2	2	1		1		1		"[Cấp1]Áo Lụa"					20		12		0		26		0		30		70		0		0		0		4		0		0		1		0		0		0		0 
12		3		0		2	2	1		1		1		"[Cấp2]Áo Thiên Thanh"			32		16		0		32		0		30		80		0		0		0		4		0		0		1		0		0		0		0 
13		3		0		2	2	1		1		1		"[Cấp3]Áo Ngọc Bích"			44		21		0		38		0		40		80		0		0		0		4		0		0		1		0		0		0		0 
14		3		0		2	2	1		1		1		"[Cấp4]Áo Kim Ngân"				57		29		0		45		0		40		80		0		0		0		4		0		0		1		0		0		0		0 
15		3		0		2	3	1		1		1		"[Cấp4]Áo Phong Vũ"				80		44		0		80		0		150		70		0		0		0		4		0		0		0		1		0		0		0 
16		3		0		2	3	1		1		1		"[Cấp5]Áo Hắc Long"				90		48		0		74		0		170		60		0		0		0		4		0		1		0		0		0		0		0 
17		3		0		2	3	1		1		1		"[Cấp6]Áo Phượng Hoàng"			100		63		0		80		0		214		65		0		0		0		4		0		2		0		0		0		0		0 
18		3		0		2	3	1		1		1		"[Cấp6]Áo Triệu Hồn"			91		33		0		67		0		59		20		0		0		0		4		2		0		0		0		0		0		0 
19		3		0		2	2	1		1		1		"[Cấp6]Áo Giai Nhân"			92		44		0		74		0		50		110		0		0		0		4		0		0		2		0		0		0		0 
20		3		0		2	3	1		1		1		"[Cấp6]Áo Lôi Phong"			107		60		0		82		0		170		70		0		0		0		4		0		0		0		1		0		0		0 
21		3		0		2	3	1		1		1		"[Cấp7]Áo Thần Long"			126		75		0		86		0		200		58		0		0		0		4		0		2		0		0		0		0		0 
22		3		0		2	3	1		1		1		"[Cấp7]Áo Ma Vương"				122		43		0		75		0		55		18		0		0		0		4		2		0		0		0		0		0		0 
23		3		0		2	3	1		1		1		"[Cấp7]Áo Cuồng Phong"			128		73		0		90		0		162		66		0		0		0		4		0		0		0		1		0		0		0 
24		3		0		2	2	1		1		1		"[Cấp7]Áo Thánh Nữ"				109		55		0		80		0		52		115		0		0		0		4		0		0		2		0		0		0		0 
25		3		0		2	3	1		1		1		"[Cấp3]Áo Thiết Ma"				62		25		0		42		0		70		20		0		0		0		4		0		0		0		0		1		0		0 
26		3		0		2	3	1		1		1		"[Cấp4]Áo Huyền Thiết"			78		36		0		56		0		77		21		0		0		0		4		0		0		0		0		1		0		0 
27		3		0		2	3	1		1		1		"[Cấp5]Áo Hắc Vương"			96		43		0		70		0		84		22		0		0		0		4		0		0		0		0		1		0		0 
28		3		0		2	3	1		1		1		"[Cấp7]Áo Chí Tôn"				117		51		0		78		0		80		21		0		0		0		4		0		0		0		0		1		0		0 
29		3		0		2	3	1		1		0		"[Cấp8]Áo Quyền Năng"			140		88		0		90		380		170		60		0		0		0		0		0		2		0		0		0		0		0 
30		3		0		2	3	1		1		0		"[Cấp8]Áo Thần Ma"				146		57		0		86		380		44		15		0		0		0		0		2		0		0		0		0		0		0 
31		3		0		2	3	1		1		0		"[Cấp8]Áo Thái Bình"			146		68		0		86		380		38		80		0		0		0		0		0		0		2		0		0		0		0 
32		3		0		2	3	1		1		0		"[Cấp8]Áo Hồng Long"			147		86		0		95		380		145		60		0		0		0		0		0		0		0		1		0		0		0 
33		3		0		2	3	1		1		0		"[Cấp8]Áo Thái Dương"			147		64		0		82		380		62		16		0		0		0		0		0		0		0		0		1		0		0 
34		3		0		2	3	1		1		1		"[Cấp5]Áo Hắc Điểu"				75		42		0		72		0		160		50		0		0		0		0		0		1		0		0		0		0		0 
35		3		0		2	3	1		1		1		"[Cấp5]Áo Ánh Trăng"			75		27		0		54		0		53		12		0		0		0		0		1		0		0		0		0		0		0 
36		3		0		2	3	1		1		1		"[Cấp5]Áo Nữ Thần"				75		36		0		59		0		50		70		0		0		0		0		0		0		1		0		0		0		0 
37		3		0		2	3	1		1		1		"[Cấp5]Áo Hỏa Thần"				105		52		0		81		0		155		50		0		0		0		0		0		0		0		1		0		0		0 
38		3		0		2	3	1		1		1		"[Cấp6]Áo Hoàng Kim"			105		47		0		74		0		80		21		0		0		0		0		0		0		0		0		1		0		0 
39		3		0		2	2	1		1		1		"[Cấp4]Áo Thuật Sĩ"				34		22		0		36		0		39		0		0		0		0		4		0		0		0		0		0		1		0 
40		3		0		2	2	1		1		1		"[Cấp5]Áo Hỏa Thiên"			56		28		0		42		0		35		8		0		0		0		4		0		0		0		0		0		1		0 
41		3		0		2	2	1		1		1		"[Cấp6]Áo Ma Pháp"				75		35		0		54		0		52		16		0		0		0		4		0		0		0		0		0		1		0 
42		3		0		2	2	1		1		1		"[Cấp7]Áo Phục Ma"				91		45		0		67		0		60		20		0		0		0		0		0		0		0		0		0		2		0 
43		3		0		2	2	1		1		0		"[Cấp8]Áo Bão Điện"				122		56		0		75		380		57		19		0		0		0		0		0		0		0		0		0		2		0 
44		3		0		2	2	1		1		0		"[Cấp9]Áo Nữ Vương"				131		49		0		86		380		62		20		170		0		0		0		0		0		0		0		0		2		0 
45		3		0		2	3	1		1		0		"[Cấp9]Áo Thần Thoại"			132		81		0		86		380		222		32		0		0		0		0		0		1		0		0		0		0		0 
46		3		0		2	3	1		1		0		"[Cấp9]Áo Hoàng Long"			128		62		0		86		380		74		162		0		0		0		0		0		1		0		0		0		0		0 
47		3		0		2	3	1		1		0		"[Cấp9]Áo Bóng Ma"				131		80		0		86		380		212		57		0		0		0		0		0		0		0		1		0		0		0 
48		3		0		2	3	1		1		0		"[Cấp9]Áo Hủy Diệt"				125		66		0		86		380		62		19		165		0		0		0		0		0		0		1		0		0		0 
49		3		0		2	2	1		1		0		"[Cấp9]Áo Thiên Vũ"				129		60		0		86		380		55		197		0		0		0		0		0		0		1		0		0		0		0 
50		3		0		2	2	1		1		0		"[Cấp9]Áo Anh Vũ"				122		52		0		86		380		32		29		138		0		0		0		0		0		1		0		0		0		0 
51		3		0		2	3	1		1		0		"[Cấp9]Áo Đế Vương"				132		58		0		86		380		105		38		0		0		0		0		0		0		0		0		1		0		0 
52		3		0		2	3	1		1		0		"[Cấp9]Áo Quỷ Vương"			129		50		0		86		380		60		15		181		0		0		0		1		0		0		0		0		0		0 
53		3		0		2	2	1		1		0		"[Cấp9]Áo Chiêm Tinh"			131		80		0		86		380		60		15		0		0		0		0		0		0		0		0		0		3		0 
59		3		0		2	3	1		1		1		"[Cấp5]Áo Địa Long"				66		43		0		52		0		85		0		0		75		0		0		0		0		0		0		0		0		1 
60		3		0		2	3	1		1		1		"[Cấp6]Áo Bạch Hổ"				82		51		0		68		0		100		0		0		90		0		0		0		0		0		0		0		0		1 
61		3		0		2	3	1		1		1		"[Cấp7]Áo Quyền Lực"			101		59		0		82		0		115		0		0		100		0		0		0		0		0		0		0		0		1 
73		3		0		2	3	1		1		0		"[Cấp8]Áo Bạch Long"			143		78		0		88		380		97		0		0		85		0		0		0		0		0		0		0		0		1 
77		3		0		2	3	1		1		0		"[Cấp9]Áo Huyết Long"			143		78		0		88		380		97		0		0		85		0		0		0		0		0		0		0		0		3 

100	    3		0		2	3	1		1		0		"Áo Hỏa Ngục" 		            143		78		0		88		380		97		0		0		85		0		0		3		3		3		3		3		3		3
101	    3		0		2	3	1		1		0		"Áo Ngũ Độc" 			        143		78		0		88		380		97		0		0		85		0		0		3		3		3		3		3		3		3
102	    3		0		2	3	1		1		0		"Áo Mộng Tuyết"		            143		78		0		88		380		97		0		0		85		0		0		3		3		3		3		3		3		3
103	    3		0		2	3	1		1		0		"Áo Huyết Tộc" 		            143		78		0		88		380		97		0		0		85		0		0		3		3		3		3		3		3		3
104	    3		0		2	3	1		1		0		"Áo Vĩnh Hằng" 		            143		78		0		88		380		97		0		0		85		0		0		3		3		3		3		3		3		3

end

//Index	Slot	Skill	X	Y	Serial	Option	Drop	Name			level	Defense	MagicDefense	Dur	ReqLvl	ReqStr	ReqDex	ReqEne	ReqVit	ReqLead	SetAttr	DW/SM	DK/BK	ELF/ME	MG	DL SUM	RF
9
0		4		0		2		2		1		1		1		"[Cấp1]Quần Đồng"					15		10		0		34		0		80		20		0		0		0		4		0		1		0		1		1		0		0 
1		4		0		2		2		1		1		1		"[Cấp4]Quần Hỏa Long"				55		26		0		68		0		120		30		0		0		0		4		0		1		0		1		0		0		0 
2		4		0		2		2		1		1		1		"[Cấp1]Quần Vải Thô"				8		5		0		28		0		30		0		0		0		0		4		1		0		0		1		0		0		0 
3		4		0		2		2		1		1		1		"[Cấp4]Quần Ma Thuật"				53		20		0		42		0		40		0		0		0		0		4		1		0		0		1		0		0		0 
4		4		0		2		2		1		1		1		"[Cấp2]Quần Xương"					20		10		0		30		0		40		0		0		0		0		4		1		0		0		1		0		0		0 
5		4		0		2		2		1		1		1		"[Cấp1]Quần Da"						8		7		0		30		0		80		0		0		0		0		4		0		1		0		1		1		0		1 
6		4		0		2		2		1		1		1		"[Cấp2]Quần Trâu Xanh"				25		14		0		40		0		110		0		0		0		0		4		0		1		0		1		1		0		1 
7		4		0		2		2		1		1		1		"[Cấp3]Quần Nhân Sư"				34		15		0		36		0		40		0		0		0		0		4		1		0		0		1		0		0		0 
8		4		0		2		2		1		1		1		"[Cấp2]Quần Thiên Kim"				35		18		0		44		0		100		30		0		0		0		4		0		1		0		1		0		0		1 
9		4		0		2		2		1		1		1		"[Cấp3]Quần Thiết Phiến"			45		22		0		50		0		130		0		0		0		0		4		0		1		0		1		0		0		1 
10		4		0		2		2		1		1		1		"[Cấp1]Quần Trinh Nữ"				8		6		0		22		0		30		60		0		0		0		4		0		0		1		0		0		0		0 
11		4		0		2		2		1		1		1		"[Cấp1]Quần Lụa"					18		10		0		26		0		30		70		0		0		0		4		0		0		1		0		0		0		0 
12		4		0		2		2		1		1		1		"[Cấp2]Quần Thiên Thanh"			30		14		0		32		0		30		80		0		0		0		4		0		0		1		0		0		0		0 
13		4		0		2		2		1		1		1		"[Cấp3]Quần Ngọc Bích"				42		18		0		38		0		40		80		0		0		0		4		0		0		1		0		0		0		0 
14		4		0		2		2		1		1		1		"[Cấp4]Quần Kim Ngân"				54		25		0		45		0		40		80		0		0		0		4		0		0		1		0		0		0		0 
15		4		0		2		2		1		1		1		"[Cấp4]Quần Phong Vũ"				74		34		0		80		0		150		70		0		0		0		4		0		0		0		1		0		0		0 
16		4		0		2		2		1		1		1		"[Cấp5]Quần Hắc Long"				84		40		0		74		0		170		60		0		0		0		4		0		1		0		0		0		0		0 
17		4		0		2		2		1		1		1		"[Cấp6]Quần Phượng Hoàng"			96		54		0		80		0		207		63		0		0		0		4		0		2		0		0		0		0		0 
18		4		0		2		2		1		1		1		"[Cấp6]Quần Triệu Hồn"				86		30		0		67		0		59		20		0		0		0		4		2		0		0		0		0		0		0 
19		4		0		2		2		1		1		1		"[Cấp6]Quần Giai Nhân"				88		39		0		74		0		50		110		0		0		0		4		0		0		2		0		0		0		0 
20		4		0		2		2		1		1		1		"[Cấp6]Quần Lôi Phong"				99		49		0		82		0		150		70		0		0		0		4		0		0		0		1		0		0		0 
21		4		0		2		2		1		1		1		"[Cấp7]Quần Thần Long"				113		65		0		86		0		200		58		0		0		0		4		0		2		0		0		0		0		0 
22		4		0		2		2		1		1		1		"[Cấp7]Quần Ma Vương"				117		39		0		75		0		55		18		0		0		0		4		2		0		0		0		0		0		0 
23		4		0		2		2		1		1		1		"[Cấp7]Quần Cuồng Phong"			122		61		0		90		0		162		66		0		0		0		4		0		0		0		1		0		0		0 
24		4		0		2		2		1		1		1		"[Cấp7]Quần Thánh Nữ"				100		48		0		80		0		52		115		0		0		0		4		0		0		2		0		0		0		0 
25		4		0		2		2		1		1		1		"[Cấp3]Quần Thiết Ma"				50		21		0		42		0		70		20		0		0		0		4		0		0		0		0		1		0		0 
26		4		0		2		2		1		1		1		"[Cấp4]Quần Huyền Thiết"			70		26		0		56		0		77		21		0		0		0		4		0		0		0		0		1		0		0 
27		4		0		2		2		1		1		1		"[Cấp5]Quần Hắc Vương"				92		31		0		70		0		84		22		0		0		0		4		0		0		0		0		1		0		0 
28		4		0		2		2		1		1		1		"[Cấp7]Quần Chí Tôn"				110		39		0		78		0		80		21		0		0		0		4		0		0		0		0		1		0		0 
29		4		0		2		2		1		1		0		"[Cấp8]Quần Quyền Năng"				134		78		0		90		380		170		60		0		0		0		0		0		2		0		0		0		0		0 
30		4		0		2		2		1		1		0		"[Cấp8]Quần Thần Ma"				135		55		0		86		380		44		15		0		0		0		0		2		0		0		0		0		0		0 
31		4		0		2		2		1		1		0		"[Cấp8]Quần Thái Bình"				135		61		0		86		380		38		80		0		0		0		0		0		0		2		0		0		0		0 
32		4		0		2		2		1		1		0		"[Cấp8]Quần Hồng Long"				135		74		0		95		380		145		60		0		0		0		0		0		0		0		1		0		0		0 
33		4		0		2		2		1		1		0		"[Cấp8]Quần Thái Dương"				140		52		0		82		380		62		16		0		0		0		0		0		0		0		0		1		0		0 
34		4		0		2		2		1		1		1		"[Cấp5]Quần Hắc Điểu"				69		33		0		72		0		160		50		0		0		0		0		0		1		0		0		0		0		0 
35		4		0		2		2		1		1		1		"[Cấp5]Quần Ánh Trăng"				69		25		0		54		0		53		12		0		0		0		0		1		0		0		0		0		0		0 
36		4		0		2		2		1		1		1		"[Cấp5]Quần Nữ Thần"				69		32		0		59		0		50		70		0		0		0		0		0		0		1		0		0		0		0 
37		4		0		2		2		1		1		1		"[Cấp5]Quần Hỏa Thần"				101		41		0		81		0		155		50		0		0		0		0		0		0		0		1		0		0		0 
38		4		0		2		2		1		1		1		"[Cấp6]Quần Hoàng Kim"				101		35		0		74		0		80		21		0		0		0		0		0		0		0		0		1		0		0 
39		4		0		2		2		1		1		1		"[Cấp4]Quần Thuật Sĩ"				30		16		0		36		0		36		0		0		0		0		4		0		0		0		0		0		1		0 
40		4		0		2		2		1		1		1		"[Cấp5]Quần Hỏa Thiên"				53		22		0		42		0		35		7		0		0		0		4		0		0		0		0		0		1		0 
41		4		0		2		2		1		1		1		"[Cấp6]Quần Ma Pháp"				72		28		0		54		0		49		16		0		0		0		4		0		0		0		0		0		1		0 
42		4		0		2		2		1		1		1		"[Cấp7]Quần Phục Ma"				86		37		0		67		0		60		20		0		0		0		0		0		0		0		0		0		2		0 
43		4		0		2		2		1		1		0		"[Cấp8]Quần Bão Điện"				117		49		0		75		380		57		19		0		0		0		0		0		0		0		0		0		2		0 
44		4		0		2		2		1		1		0		"[Cấp9]Quần Nữ Vương"				122		41		0		86		380		62		20		170		0		0		0		0		0		0		0		0		2		0 
45		4		0		2		2		1		1		0		"[Cấp9]Quần Thần Thoại"				116		74		0		86		380		222		32		0		0		0		0		0		1		0		0		0		0		0 
46		4		0		2		2		1		1		0		"[Cấp9]Quần Hoàng Long"				112		58		0		86		380		74		162		0		0		0		0		0		1		0		0		0		0		0 
47		4		0		2		2		1		1		0		"[Cấp9]Quần Bóng Ma"				115		66		0		86		380		212		57		0		0		0		0		0		0		0		1		0		0		0 
48		4		0		2		2		1		1		0		"[Cấp9]Quần Hủy Diệt"				113		51		0		86		380		62		19		165		0		0		0		0		0		0		1		0		0		0 
49		4		0		2		2		1		1		0		"[Cấp9]Quần Thiên Vũ"				116		53		0		86		380		55		197		0		0		0		0		0		0		1		0		0		0		0 
50		4		0		2		2		1		1		0		"[Cấp9]Quần Anh Vũ"					109		46		0		86		380		32		29		138		0		0		0		0		0		1		0		0		0		0 
51		4		0		2		2		1		1		0		"[Cấp9]Quần Đế Vương"				116		46		0		86		380		105		38		0		0		0		0		0		0		0		0		1		0		0 
52		4		0		2		2		1		1		0		"[Cấp9]Quần Quỷ Vương"				114		44		0		86		380		60		15		181		0		0		0		1		0		0		0		0		0		0 
53		4		0		2		2		1		1		0		"[Cấp9]Quần Chiêm Tinh"				115		80		0		86		380		60		15		0		0		0		0		0		0		0		0		0		3		0 
59		4		0		2		2		1		1		1		"[Cấp5]Quần Địa Long"				62		33		0		52		0		85		0		0		75		0		0		0		0		0		0		0		0		1 
60		4		0		2		2		1		1		1		"[Cấp6]Quần Bạch Hổ"				78		41		0		68		0		100		0		0		90		0		0		0		0		0		0		0		0		1 
61		4		0		2		2		1		1		1		"[Cấp7]Quần Quyền Lực"				95		49		0		82		0		115		0		0		100		0		0		0		0		0		0		0		0		1 
73		4		0		2		2		1		1		0		"[Cấp8]Quần Bạch Long"				134		68		0		88		380		97		0		0		85		0		0		0		0		0		0		0		0		1 
77		4		0		2		2		1		1		0		"[Cấp9]Quần Huyết Long"				134		68		0		88		380		97		0		0		85		0		0		0		0		0		0		0		0		3 

100		4		0		2		2		1		1		0		"Quần Hỏa Ngục" 				    134		68		0		88		380		97		0		0		85		0		0		3		3		3		3		3		3		3
101		4		0		2		2		1		1		0		"Quần Ngũ Độc" 				        134		68		0		88		380		97		0		0		85		0		0		3		3		3		3		3		3		3
102		4		0		2		2		1		1		0		"Quần Mộng Tuyết"			        134		68		0		88		380		97		0		0		85		0		0		3		3		3		3		3		3		3
103		4		0		2		2		1		1		0		"Quần Huyết Tộc" 			        134		68		0		88		380		97		0		0		85		0		0		3		3		3		3		3		3		3
104		4		0		2		2		1		1		0		"Quần Vĩnh Hằng" 			        134		68		0		88		380		97		0		0		85		0		0		3		3		3		3		3		3		3

end

//Index	Slot	Skill	X	Y	Serial	Option	Drop	Name			level	Defense	AttackSpeed	Dur	ReqLvl	ReqStr	ReqDex	ReqEne	ReqVit	ReqLead	SetAttr	DW/SM	DK/BK	ELF/ME	MG	DL SUM	RF
10
0		5		0		2		2		1		1		1		"[Cấp1]Găng Đồng"					13		4		4		34		0		80		20		0		0		0		4		0		1		0		1		1		0		0 
1		5		0		2		2		1		1		1		"[Cấp4]Găng Hỏa Long"				52		14		6		68		0		120		30		0		0		0		4		0		1		0		1		0		0		0 
2		5		0		2		2		1		1		1		"[Cấp1]Găng Vải Thô"				3		2		0		28		0		20		0		0		0		0		4		1		0		0		1		0		0		0 
3		5		0		2		2		1		1		1		"[Cấp4]Găng Ma Thuật"				44		11		0		42		0		20		0		0		0		0		4		1		0		0		1		0		0		0 
4		5		0		2		2		1		1		1		"[Cấp2]Găng Xương"					14		5		0		30		0		20		0		0		0		0		4		1		0		0		1		0		0		0 
5		5		0		2		2		1		1		1		"[Cấp1]Găng Da"						4		2		8		30		0		80		0		0		0		0		4		0		1		0		1		1		0		0 
6		5		0		2		2		1		1		1		"[Cấp2]Găng Trâu Xanh"				22		7		10		40		0		110		0		0		0		0		4		0		1		0		1		1		0		0 
7		5		0		2		2		1		1		1		"[Cấp3]Găng Nhân Sư"				28		8		0		36		0		20		0		0		0		0		4		1		0		0		1		0		0		0 
8		5		0		2		2		1		1		1		"[Cấp2]Găng Thiên Kim"				32		9		8		44		0		100		30		0		0		0		4		0		1		0		1		0		0		0 
9		5		0		2		2		1		1		1		"[Cấp3]Găng Thiết Phiến"			42		12		4		50		0		130		0		0		0		0		4		0		1		0		1		0		0		0 
10		5		0		2		2		1		1		1		"[Cấp1]Găng Trinh Nữ"				4		2		4		22		0		30		60		0		0		0		4		0		0		1		0		0		0		0 
11		5		0		2		2		1		1		1		"[Cấp1]Găng Lụa"					14		4		8		26		0		30		70		0		0		0		4		0		0		1		0		0		0		0 
12		5		0		2		2		1		1		1		"[Cấp2]Găng Thiên Thanh"			26		6		10		32		0		30		80		0		0		0		4		0		0		1		0		0		0		0 
13		5		0		2		2		1		1		1		"[Cấp3]Găng Ngọc Bích"				38		9		4		38		0		40		80		0		0		0		4		0		0		1		0		0		0		0 
14		5		0		2		2		1		1		1		"[Cấp4]Găng Kim Ngân"				50		15		6		45		0		40		80		0		0		0		4		0		0		1		0		0		0		0 
15		5		0		2		2		1		1		1		"[Cấp4]Găng Phong Vũ"				70		20		6		80		0		150		70		0		0		0		4		0		0		0		1		0		0		0 
16		5		0		2		2		1		1		1		"[Cấp5]Găng Hắc Long"				76		22		6		74		0		170		60		0		0		0		4		0		1		0		0		0		0		0 
17		5		0		2		2		1		1		1		"[Cấp6]Găng Phượng Hoàng"			86		37		6		80		0		205		63		0		0		0		4		0		2		0		0		0		0		0 
18		5		0		2		2		1		1		1		"[Cấp6]Găng Triệu Hồn"				70		20		5		67		0		49		10		0		0		0		4		2		0		0		0		0		0		0 
19		5		0		2		2		1		1		1		"[Cấp6]Găng Giai Nhân"				72		29		6		74		0		50		110		0		0		0		4		0		0		2		0		0		0		0 
20		5		0		2		2		1		1		1		"[Cấp6]Găng Lôi Phong"				88		34		7		82		0		150		70		0		0		0		4		0		0		0		1		0		0		0 
21		5		0		2		2		1		1		1		"[Cấp7]Găng Thần Long"				94		48		6		86		0		200		58		0		0		0		4		0		2		0		0		0		0		0 
22		5		0		2		2		1		1		1		"[Cấp7]Găng Ma Vương"				87		30		6		75		0		55		18		0		0		0		4		2		0		0		0		0		0		0 
23		5		0		2		2		1		1		1		"[Cấp7]Găng Cuồng Phong"			102		45		7		90		0		162		66		0		0		0		4		0		0		0		1		0		0		0 
24		5		0		2		2		1		1		1		"[Cấp7]Găng Thánh Nữ"				84		38		6		80		0		52		115		0		0		0		4		0		0		2		0		0		0		0 
25		5		0		2		2		1		1		1		"[Cấp3]Găng Thiết Ma"				42		12		7		42		0		70		20		0		0		0		4		0		0		0		0		1		0		0 
26		5		0		2		2		1		1		1		"[Cấp4]Găng Huyền Thiết"			57		18		6		56		0		77		21		0		0		0		4		0		0		0		0		1		0		0 
27		5		0		2		2		1		1		1		"[Cấp5]Găng Hắc Vương"				75		21		5		70		0		84		22		0		0		0		4		0		0		0		0		1		0		0 
28		5		0		2		2		1		1		1		"[Cấp7]Găng Chí Tôn"				89		29		4		78		0		80		21		0		0		0		4		0		0		0		0		1		0		0 
29		5		0		2		2		1		1		0		"[Cấp8]Găng Quyền Năng"				114		60		7		90		380		170		60		0		0		0		0		0		2		0		0		0		0		0 
30		5		0		2		2		1		1		0		"[Cấp8]Găng Thần Ma"				111		44		7		86		380		44		15		0		0		0		0		2		0		0		0		0		0		0 
31		5		0		2		2		1		1		0		"[Cấp8]Găng Thái Bình"				111		50		7		86		380		38		80		0		0		0		0		0		0		2		0		0		0		0 
32		5		0		2		2		1		1		0		"[Cấp8]Găng Hồng Long"				127		55		7		95		380		145		60		0		0		0		0		0		0		0		1		0		0		0 
33		5		0		2		2		1		1		0		"[Cấp8]Găng Thái Dương"				110		40		5		82		380		62		16		0		0		0		0		0		0		0		0		1		0		0 
34		5		0		2		2		1		1		1		"[Cấp5]Găng Hắc Điểu"				61		18		6		72		0		160		50		0		0		0		0		0		1		0		0		0		0		0 
35		5		0		2		2		1		1		1		"[Cấp5]Găng Ánh Trăng"				61		15		6		54		0		53		12		0		0		0		0		1		0		0		0		0		0		0 
36		5		0		2		2		1		1		1		"[Cấp5]Găng Nữ Thần"				61		22		6		59		0		50		70		0		0		0		0		0		0		1		0		0		0		0 
37		5		0		2		2		1		1		1		"[Cấp5]Găng Hỏa Thần"				91		27		7		81		0		155		50		0		0		0		0		0		0		0		1		0		0		0 
38		5		0		2		2		1		1		1		"[Cấp6]Găng Hoàng Kim"				91		25		5		74		0		80		21		0		0		0		0		0		0		0		0		1		0		0 
39		5		0		2		2		1		1		1		"[Cấp4]Găng Thuật Sĩ"				24		9		6		36		0		22		0		0		0		0		4		0		0		0		0		0		1		0 
40		5		0		2		2		1		1		1		"[Cấp5]Găng Hỏa Thiên"				44		13		8		42		0		18		4		0		0		0		4		0		0		0		0		0		1		0 
41		5		0		2		2		1		1		1		"[Cấp6]Găng Ma Pháp"				61		19		7		54		0		52		16		0		0		0		4		0		0		0		0		0		1		0 
42		5		0		2		2		1		1		1		"[Cấp7]Găng Phục Ma"				70		26		6		67		0		50		10		0		0		0		0		0		0		0		0		0		2		0 
43		5		0		2		2		1		1		0		"[Cấp8]Găng Bão Điện"				87		34		6		75		380		56		20		0		0		0		0		0		0		0		0		0		2		0 
44		5		0		2		2		1		1		0		"[Cấp9]Găng Nữ Vương"				102		29		0		86		380		62		20		170		0		0		0		0		0		0		0		0		2		0 
45		5		0		2		2		1		1		0		"[Cấp9]Găng Thần Thoại"				100		56		7		86		380		222		32		0		0		0		0		0		1		0		0		0		0		0 
46		5		0		2		2		1		1		0		"[Cấp9]Găng Hoàng Long"				97		42		7		86		380		74		162		0		0		0		0		0		1		0		0		0		0		0 
47		5		0		2		2		1		1		0		"[Cấp9]Găng Bóng Ma"				101		49		7		86		380		212		57		0		0		0		0		0		0		0		1		0		0		0 
48		5		0		2		2		1		1		0		"[Cấp9]Găng Hủy Diệt"				99		40		7		86		380		62		19		165		0		0		0		0		0		0		1		0		0		0 
49		5		0		2		2		1		1		0		"[Cấp9]Găng Thiên Vũ"				100		43		7		86		380		55		197		0		0		0		0		0		0		1		0		0		0		0 
50		5		0		2		2		1		1		0		"[Cấp9]Găng Anh Vũ"					95		36		7		86		380		32		29		138		0		0		0		0		0		1		0		0		0		0 
51		5		0		2		2		1		1		0		"[Cấp9]Găng Đế Vương"				101		34		7		86		380		105		38		0		0		0		0		0		0		0		0		1		0		0 
52		5		0		2		2		1		1		0		"[Cấp9]Găng Quỷ Vương"				100		31		7		86		380		60		15		181		0		0		0		1		0		0		0		0		0		0 
53		5		0		2		2		1		1		0		"[Cấp9]Găng Chiêm Tinh"				98		80		7		86		380		60		15		0		0		0		0		0		0		0		0		0		3		0 

100		5		0		2		2		1		1		0		"Tay Hỏa Ngục" 			            100		80		7		86		380		60		15		0		0		0		0		3		3		3		3		3		3		0
101		5		0		2		2		1		1		0		"Tay Ngũ Độc" 				        100		80		7		86		380		60		15		0		0		0		0		3		3		3		3		3		3		0
102		5		0		2		2		1		1		0		"Tay Mộng Tuyết"			        100		80		7		86		380		60		15		0		0		0		0		3		3		3		3		3		3		0
103		5		0		2		2		1		1		0		"Tay Huyết Tộc" 			        100		80		7		86		380		60		15		0		0		0		0		3		3		3		3		3		3		0
104		5		0		2		2		1		1		0		"Tay Vĩnh Hằng" 			        100		80		7		86		380		60		15		0		0		0		0		3		3		3		3		3		3		0

end

//Index	Slot	Skill	X	Y	Serial	Option	Drop	Name			level	Defense	WalkSpeed	Dur	ReqLvl	ReqStr	ReqDex	ReqEne	ReqVit	ReqLead	SetAttr	DW/SM	DK/BK	ELF/ME	MG	DL SUM	RF
11
0		6		0		2		2		1		1		1		"[Cấp1]Giày Đồng"					12		4		10		34		0		80		20		0		0		0		4		0		1		0		1		1		0		0 
1		6		0		2		2		1		1		1		"[Cấp4]Giày Hỏa Long"				54		15		2		68		0		120		30		0		0		0		4		0		1		0		1		0		0		0 
2		6		0		2		2		1		1		1		"[Cấp1]Giày Vải Thô"				4		3		10		28		0		20		0		0		0		0		4		1		0		0		1		0		0		0 
3		6		0		2		2		1		1		1		"[Cấp4]Giày Ma Thuật"				46		12		0		42		0		30		0		0		0		0		4		1		0		0		1		0		0		0 
4		6		0		2		2		1		1		1		"[Cấp2]Giày Xương"					16		6		6		30		0		30		0		0		0		0		4		1		0		0		1		0		0		0 
5		6		0		2		2		1		1		1		"[Cấp1]Giày Da"						5		2		12		30		0		80		0		0		0		0		4		0		1		0		1		1		0		1 
6		6		0		2		2		1		1		1		"[Cấp2]Giày Trâu Xanh"				22		8		8		40		0		110		0		0		0		0		4		0		1		0		1		1		0		1 
7		6		0		2		2		1		1		1		"[Cấp3]Giày Nhân Sư"				30		9		8		36		0		30		0		0		0		0		4		1		0		0		1		0		0		0 
8		6		0		2		2		1		1		1		"[Cấp2]Giày Thiên Kim"				32		10		6		44		0		100		30		0		0		0		4		0		1		0		1		0		0		1 
9		6		0		2		2		1		1		1		"[Cấp3]Giày Thiết Phiến"			42		12		4		50		0		130		0		0		0		0		4		0		1		0		1		0		0		1 
10		6		0		2		2		1		1		1		"[Cấp1]Giày Trinh Nữ"				5		2		0		22		0		30		60		0		0		0		4		0		0		1		0		0		0		0 
11		6		0		2		2		1		1		1		"[Cấp1]Giày Lụa"					15		4		0		26		0		30		70		0		0		0		4		0		0		1		0		0		0		0 
12		6		0		2		2		1		1		1		"[Cấp2]Giày Thiên Thanh"			27		7		0		32		0		30		80		0		0		0		4		0		0		1		0		0		0		0 
13		6		0		2		2		1		1		1		"[Cấp3]Giày Ngọc Bích"				40		10		0		38		0		40		80		0		0		0		4		0		0		1		0		0		0		0 
14		6		0		2		2		1		1		1		"[Cấp4]Giày Kim Ngân"				52		16		0		45		0		40		80		0		0		0		4		0		0		1		0		0		0		0 
15		6		0		2		2		1		1		1		"[Cấp4]Giày Phong Vũ"				72		22		2		80		0		150		70		0		0		0		4		0		0		0		1		0		0		0 
16		6		0		2		2		1		1		1		"[Cấp5]Giày Hắc Long"				78		24		2		74		0		170		60		0		0		0		4		0		1		0		0		0		0		0 
17		6		0		2		2		1		1		1		"[Cấp6]Giày Phượng Hoàng"			93		40		2		80		0		198		60		0		0		0		4		0		2		0		0		0		0		0 
18		6		0		2		2		1		1		1		"[Cấp6]Giày Triệu Hồn"				76		22		0		67		0		59		10		0		0		0		4		2		0		0		0		0		0		0 
19		6		0		2		2		1		1		1		"[Cấp6]Giày Giai Nhân"				81		30		0		74		0		50		110		0		0		0		4		0		0		2		0		0		0		0 
20		6		0		2		2		1		1		1		"[Cấp6]Giày Lôi Phong"				92		37		2		82		0		150		70		0		0		0		4		0		0		0		1		0		0		0 
21		6		0		2		2		1		1		1		"[Cấp7]Giày Thần Long"				98		50		0		86		0		200		58		0		0		0		4		0		2		0		0		0		0		0 
22		6		0		2		2		1		1		1		"[Cấp7]Giày Ma Vương"				95		31		0		75		0		55		18		0		0		0		4		2		0		0		0		0		0		0 
23		6		0		2		2		1		1		1		"[Cấp7]Giày Cuồng Phong"			110		50		0		90		0		162		66		0		0		0		4		0		0		0		1		0		0		0 
24		6		0		2		2		1		1		1		"[Cấp7]Giày Thánh Nữ"				87		40		0		80		0		52		115		0		0		0		4		0		0		2		0		0		0		0 
25		6		0		2		2		1		1		1		"[Cấp3]Giày Thiết Ma"				45		13		0		42		0		70		20		0		0		0		4		0		0		0		0		1		0		0 
26		6		0		2		2		1		1		1		"[Cấp4]Giày Huyền Thiết"			60		20		0		56		0		77		21		0		0		0		4		0		0		0		0		1		0		0 
27		6		0		2		2		1		1		1		"[Cấp5]Giày Hắc Vương"				83		25		0		70		0		84		22		0		0		0		4		0		0		0		0		1		0		0 
28		6		0		2		2		1		1		1		"[Cấp7]Giày Chí Tôn"				95		33		0		78		0		80		21		0		0		0		4		0		0		0		0		1		0		0 
29		6		0		2		2		1		1		0		"[Cấp8]Giày Quyền Năng"				119		63		0		90		380		170		60		0		0		0		0		0		2		0		0		0		0		0 
30		6		0		2		2		1		1		0		"[Cấp8]Giày Thần Ma"				119		47		0		86		380		44		15		0		0		0		0		2		0		0		0		0		0		0 
31		6		0		2		2		1		1		0		"[Cấp8]Giày Thái Bình"				119		53		0		86		380		38		80		0		0		0		0		0		0		2		0		0		0		0 
32		6		0		2		2		1		1		0		"[Cấp8]Giày Hồng Long"				131		61		0		95		380		145		60		0		0		0		0		0		0		0		1		0		0		0 
33		6		0		2		2		1		1		0		"[Cấp8]Giày Thái Dương"				121		44		0		82		380		62		16		0		0		0		0		0		0		0		0		1		0		0 
34		6		0		2		2		1		1		1		"[Cấp5]Giày Hắc Điểu"				68		19		0		72		0		160		50		0		0		0		0		0		1		0		0		0		0		0 
35		6		0		2		2		1		1		1		"[Cấp5]Giày Ánh Trăng"				68		17		0		54		0		53		12		0		0		0		0		1		0		0		0		0		0		0 
36		6		0		2		2		1		1		1		"[Cấp5]Giày Nữ Thần"				68		23		0		59		0		50		70		0		0		0		0		0		0		1		0		0		0		0 
37		6		0		2		2		1		1		1		"[Cấp5]Giày Hỏa Thần"				98		29		0		81		0		155		50		0		0		0		0		0		0		0		1		0		0		0 
38		6		0		2		2		1		1		1		"[Cấp6]Giày Hoàng Kim"				98		29		0		74		0		80		21		0		0		0		0		0		0		0		0		1		0		0 
39		6		0		2		2		1		1		1		"[Cấp4]Giày Thuật Sĩ"				26		11		0		36		0		27		0		0		0		0		4		0		0		0		0		0		1		0 
40		6		0		2		2		1		1		1		"[Cấp5]Giày Hỏa Thiên"				46		15		0		42		0		25		4		0		0		0		4		0		0		0		0		0		1		0 
41		6		0		2		2		1		1		1		"[Cấp6]Giày Ma Pháp"				65		21		0		54		0		53		16		0		0		0		4		0		0		0		0		0		1		0 
42		6		0		2		2		1		1		1		"[Cấp7]Giày Phục Ma"				76		28		0		67		0		60		10		0		0		0		0		0		0		0		0		0		2		0 
43		6		0		2		2		1		1		0		"[Cấp8]Giày Bão Điện"				95		38		0		75		380		57		20		0		0		0		0		0		0		0		0		0		2		0 
44		6		0		2		2		1		1		0		"[Cấp9]Giày Nữ Vương"				99		32		0		86		380		62		20		170		0		0		0		0		0		0		0		0		2		0 
45		6		0		2		2		1		1		0		"[Cấp9]Giày Thần Thoại"				96		57		0		86		380		222		32		0		0		0		0		0		1		0		0		0		0		0 
46		6		0		2		2		1		1		0		"[Cấp9]Giày Hoàng Long"				93		45		0		86		380		74		162		0		0		0		0		0		1		0		0		0		0		0 
47		6		0		2		2		1		1		0		"[Cấp9]Giày Bóng Ma"				97		54		0		86		380		212		57		0		0		0		0		0		0		0		1		0		0		0 
48		6		0		2		2		1		1		0		"[Cấp9]Giày Hủy Diệt"				94		44		0		86		380		62		19		165		0		0		0		0		0		0		1		0		0		0 
49		6		0		2		2		1		1		0		"[Cấp9]Giày Thiên Vũ"				97		42		0		86		380		55		197		0		0		0		0		0		0		1		0		0		0		0 
50		6		0		2		2		1		1		0		"[Cấp9]Giày Anh Vũ"					92		35		0		86		380		32		29		138		0		0		0		0		0		1		0		0		0		0 
51		6		0		2		2		1		1		0		"[Cấp9]Giày Đế Vương"				98		38		0		86		380		105		38		0		0		0		0		0		0		0		0		1		0		0 
52		6		0		2		2		1		1		0		"[Cấp9]Giày Quỷ Vương"				94		34		0		86		380		60		15		181		0		0		0		1		0		0		0		0		0		0 
53		6		0		2		2		1		1		0		"[Cấp9]Giày Chiêm Tinh"				97		80		0		86		380		60		15		0		0		0		0		0		0		0		0		0		3		0 
59		6		0		2		2		1		1		1		"[Cấp5]Giày Địa Long"				50		20		0		52		0		85		0		0		75		0		0		0		0		0		0		0		0		1 
60		6		0		2		2		1		1		1		"[Cấp6]Giày Bạch Hổ"				62		28		0		68		0		100		0		0		90		0		0		0		0		0		0		0		0		1 
61		6		0		2		2		1		1		1		"[Cấp7]Giày Quyền Lực"				82		36		0		82		0		115		0		0		100		0		0		0		0		0		0		0		0		1 
73		6		0		2		2		1		1		0		"[Cấp8]Giày Bạch Long"				119		57		0		88		380		97		0		0		85		0		0		0		0		0		0		0		0		1 
77		6		0		2		2		1		1		0		"[Cấp9]Giày Huyết Long"				119		57		0		88		380		97		0		0		85		0		0		0		0		0		0		0		0		3 

100		6		0		2		2		1		1		0		"Giày Hỏa Ngục" 			        119		57		0		88		380		97		0		0		85		0		0		3		3		3		3		3		3		3
101		6		0		2		2		1		1		0		"Giày Ngũ Độc" 				        119		57		0		88		380		97		0		0		85		0		0		3		3		3		3		3		3		3
102		6		0		2		2		1		1		0		"Giày Mộng Tuyết"			        119		57		0		88		380		97		0		0		85		0		0		3		3		3		3		3		3		3
103		6		0		2		2		1		1		0		"Giày Huyết Tộc" 			        119		57		0		88		380		97		0		0		85		0		0		3		3		3		3		3		3		3
104		6		0		2		2		1		1		0		"Giày Vĩnh Hằng" 			        119		57		0		88		380		97		0		0		85		0		0		3		3		3		3		3		3		3

end

//Index	Slot	Skill	X	Y	Serial	Option	Drop	Name			level	Defense	Dur	ReqLvl	ReqEne	ReqStr	ReqDex	ReqLead BuyMoney	DW/SM	DK/BK	ELF/ME	MG	DL SUM	RF
12
0		7		0		3		2		1		1		0		"[W1]Cánh Tiên Nữ"				100		10		200		180		0		0		0		0		0		0		0		1		0		0		0		0 
1		7		0		3		3		1		1		0		"[W1]Cánh Thiên Đàng"			100		10		200		180		0		0		0		0		0		1		0		0		1		0		0		1 
2		7		0		3		2		1		1		0		"[W1]Cánh Quỷ"					100		20		200		180		0		0		0		0		0		0		1		0		1		1		0		0 
3		7		0		3		3		1		1		0		"[W2]Cánh Tinh Thần"			150		30		200		215		0		0		0		0		0		0		0		2		0		0		0		0 
4		7		0		3		3		1		1		0		"[W2]Cánh Linh Hồn"				150		30		200		215		0		0		0		0		0		2		0		0		0		0		0		0 
5		7		0		3		3		1		1		0		"[W2]Cánh Rồng"					150		45		200		215		0		0		0		0		0		0		2		0		0		0		0		0 
6		7		0		3		2		1		1		0		"[W2]Cánh Bóng Đêm"				150		40		200		215		0		0		0		0		0		0		0		0		1		0		0		0 
7		-1		0		1		1		1		1		1		"Ngọc Chém Xoáy"				47		0		0		80		0		0		0		0		29000		0		1		0		1		0		0		0 
8		-1		0		1		1		1		1		1		"Ngọc Phục Hồi Máu"				8		0		0		0		100		0		0		0		800		0		0		1		0		0		0		0 
9		-1		0		1		1		1		1		1		"Ngọc Tăng Phòng Thủ"			13		0		0		0		100		0		0		0		3000		0		0		1		0		0		0		0 
10		-1		0		1		1		1		1		1		"Ngọc Tăng Tấn Công"			18		0		0		0		100		0		0		0		7000		0		0		1		0		0		0		0 
11		-1		0		1		1		1		1		1		"Ngọc Triệu Hồi"				3		0		0		0		0		0		0		0		150		0		0		1		0		0		0		0 
12		-1		0		1		1		1		1		1		"Ngọc Địa Chấn"					78		0		0		170		0		0		0		0		150000		0		2		0		0		0		0		0 
13		-1		0		1		1		1		1		1		"Ngọc Đâm Xoáy"					20		0		0		28		0		0		0		0		10000		0		1		0		1		0		0		0 
14		-1		0		1		1		1		1		1		"Ngọc Tăng Lượng Máu"			60		0		0		120		0		0		0		0		43000		0		1		0		0		0		0		0 
15		-1		0		1		1		1		1		0		"Ngọc Hỗn Nguyên"				12		0		0		0		0		0		0		0		0		1		1		1		1		1		0		0 
16		-1		0		1		1		1		1		0		"Ngọc Chém Lửa"					60		0		0		0		0		320		0		0		51000		0		0		0		1		0		0		0 
17		-1		0		1		1		1		1		1		"Ngọc Xuyên Tâm Tiễn"			64		0		0		130		0		0		0		0		72000		0		0		1		0		0		0		0 
18		-1		0		1		1		1		1		1		"Ngọc Mũi Tên Băng"				81		0		0		0		0		0		258		0		195000		0		0		2		0		0		0		0 
19		-1		0		1		1		1		1		1		"Ngọc Đâm Gió"					72		0		0		160		0		0		0		0		85000		0		2		0		0		0		0		0 
21		-1		0		1		2		1		1		1		"Xích Hỏa Long"					74		0		0		0		20		0		0		0		115000		0		0		0		0		1		0		0 
22		-1		0		1		2		1		1		1		"Triệu Hồi Thành viên"			98		0		0		0		34		0		0		400		375000		0		0		0		0		1		0		0 
23		-1		0		1		2		1		1		1		"Tăng Sát Thương"				82		0		0		0		25		0		0		300		220000		0		0		0		0		1		0		0 
24		-1		0		1		2		1		1		1		"Tập hợp năng lượng"			92		0		0		0		29		0		0		340		295000		0		0		0		0		1		0		0 
30		-1		0		1		1		1		1		0		"Cụm Ngọc Ước Nguyện"			25		0		0		0		0		0		0		0		0		1		1		1		1		1		1		0 
31		-1		0		1		1		1		1		0		"Cụm Ngọc Tâm Linh"				30		0		0		0		0		0		0		0		0		1		1		1		1		1		1		0 
32		-1		0		1		1		1		1		0		"Hộp Quà Đỏ"			        0		0		0		0		0		0		0		0		0		1		1		1		1		1		1		0 
33		-1		0		1		1		1		1		0		"Hộp Quà Xanh Lá"			    0		0		0		0		0		0		0		0		0		1		1		1		1		1		1		0 
34		-1		0		1		1		1		1		0		"Hộp Quà Xanh Dương"			0		0		0		0		0		0		0		0		0		1		1		1		1		1		1		0 
35		-1		0		1		2		1		1		1		"Sách Hỏa Âm"					102		0		0		0		32		0		0		70		300000		0		0		0		0		1		0		0 
36		7		0		3		3		1		1		0		"[W3]Cánh Cuồng Phong"				0		60		220		300		0		0		0		0		0		0		3		0		0		0		0		0 
37		7		0		3		3		1		1		0		"[W3]Cánh Thiên Sứ"					0		45		220		300		0		0		0		0		0		3		0		0		0		0		0		0 
38		7		0		3		3		1		1		0		"[W3]Cánh Ngũ Sắc"					0		45		220		300		0		0		0		0		0		0		0		3		0		0		0		0 
39		7		0		3		3		1		1		0		"[W3]Cánh Lôi Vũ"					0		55		220		300		0		0		0		0		0		0		0		0		3		0		0		0 
40		7		0		2		3		1		1		0		"[W3]Áo Choàng Đế Vương"			0		45		220		300		0		0		0		0		0		0		0		0		0		3		0		0 
41		7		0		3		2		1		1		0		"[W1]Cánh Vũ Linh"					100		10		200		180		0		0		0		0		0		0		0		0		0		0		1		0 
42		7		0		3		3		1		1		0		"[W2]Cánh Hỏa Thiên"				0		30		200		215		0		0		0		0		0		0		0		0		0		0		2		0 
43		7		0		3		3		1		1		0		"[W3]Cánh Phượng Hoàng"				0		45		220		300		0		0		0		0		0		0		0		0		0		0		3		0 
44		-1		0		1		1		1		1		1		"Ngọc Chém Băng"				100		0		0		220		0		0		0		0		380000		0		2		0		0		0		0		0 
45		-1		0		1		1		1		1		1		"Ngọc Liên Hoàn Tiễn"			100		0		0		220		0		0		0		0		380000		0		0		2		0		0		0		0 
46		-1		0		1		1		1		1		1		"Ngọc Phục Hồi SD"				100		0		0		220		37		0		0		0		250000		0		0		2		0		0		0		0 
47		-1		0		1		1		1		1		1		"Ngọc Kiếm Lửa"					100		0		0		220		0		0		0		0		380000		0		0		0		1		0		0		0 
48		-1		0		1		2		1		1		1		"Sách Bóng Ma"					100		0		0		220		16		0		0		0		380000		0		0		0		0		1		0		0 
49		7		0		2		3		1		1		0		"[W2]Áo Choàng Chiến Binh"			180		15		200		180		0		0		0		0		0		0		0		0		0		0		0		1 
50		7		0		2		3		1		1		0		"[W3]Áo Choàng Uy Quyền"			0		45		220		300		0		0		0		0		0		0		0		0		0		0		0		3 

60		-1		0		1		1		1		1		0		"Huy Hiệu Lửa"					150		0		0		0		0		0		0		0		500000		1		1		1		1		1		1		1 
61		-1		0		1		1		1		1		0		"Huy Hiệu Nước"					150		0		0		0		0		0		0		0		500000		1		1		1		1		1		1		1 
62		-1		0		1		1		1		1		0		"Huy Hiệu Băng"					150		0		0		0		0		0		0		0		500000		1		1		1		1		1		1		1 
63		-1		0		1		1		1		1		0		"Huy Hiệu Gió"					150		0		0		0		0		0		0		0		500000		1		1		1		1		1		1		1 
64		-1		0		1		1		1		1		0		"Huy Hiệu Sét"					150		0		0		0		0		0		0		0		500000		1		1		1		1		1		1		1 
65		-1		0		1		1		1		1		0		"Huy Hiệu Đất"					150		0		0		0		0		0		0		0		500000		1		1		1		1		1		1		1 
70		-1		0		1		1		1		1		1		"Khuôn (Cấp 1)"					102		0		0		0		0		0		0		0		100000		1		1		1		1		1		1		1 
71		-1		0		1		1		1		1		1		"Khuôn (Cấp 2)"					122		0		0		0		0		0		0		0		150000		1		1		1		1		1		1		1 
72		-1		0		1		1		1		1		1		"Khuôn (Cấp 3)"					132		0		0		0		0		0		0		0		200000		1		1		1		1		1		1		1 
73		-1		0		1		1		1		1		0		"Khuôn (Cấp 4)"					142		0		0		0		0		0		0		0		250000		1		1		1		1		1		1		1 
74		-1		0		1		1		1		1		0		"Khuôn (Cấp 5)"					152		0		0		0		0		0		0		0		300000		1		1		1		1		1		1		1 

100		-1		0		1		1		1		1		0		"Nguyên Tố Lửa"					1		0		0		0		0		0		0		0		1050000		1		1		1		1		1		1		1 
101		-1		0		1		1		1		1		0		"Nguyên Tố Nước"				1		0		0		0		0		0		0		0		1050000		1		1		1		1		1		1		1 
102		-1		0		1		1		1		1		0		"Nguyên Tố Băng"				1		0		0		0		0		0		0		0		1050000		1		1		1		1		1		1		1 
103		-1		0		1		1		1		1		0		"Nguyên Tố Gió"					1		0		0		0		0		0		0		0		1050000		1		1		1		1		1		1		1 
104		-1		0		1		1		1		1		0		"Nguyên Tố Sét"					1		0		0		0		0		0		0		0		1050000		1		1		1		1		1		1		1 
105		-1		0		1		1		1		1		0		"Nguyên Tố Đất"					1		0		0		0		0		0		0		0		1050000		1		1		1		1		1		1		1 
106		-1		0		1		1		1		1		0		"Nguyên Tố Lửa"					2		0		0		0		0		0		0		0		1125000		1		1		1		1		1		1		1 
107		-1		0		1		1		1		1		0		"Nguyên Tố Nước"				2		0		0		0		0		0		0		0		1125000		1		1		1		1		1		1		1 
108		-1		0		1		1		1		1		0		"Nguyên Tố Băng"				2		0		0		0		0		0		0		0		1125000		1		1		1		1		1		1		1 
109		-1		0		1		1		1		1		0		"Nguyên Tố Gió"					2		0		0		0		0		0		0		0		1125000		1		1		1		1		1		1		1 
110		-1		0		1		1		1		1		0		"Nguyên Tố Sét"					2		0		0		0		0		0		0		0		1125000		1		1		1		1		1		1		1 
111		-1		0		1		1		1		1		0		"Nguyên Tố Đất"					2		0		0		0		0		0		0		0		1125000		1		1		1		1		1		1		1 
112		-1		0		1		1		1		1		0		"Nguyên Tố Lửa"					3		0		0		0		0		0		0		0		1200000		1		1		1		1		1		1		1 
113		-1		0		1		1		1		1		0		"Nguyên Tố Nước"				3		0		0		0		0		0		0		0		1200000		1		1		1		1		1		1		1 
114		-1		0		1		1		1		1		0		"Nguyên Tố Băng"				3		0		0		0		0		0		0		0		1200000		1		1		1		1		1		1		1 
115		-1		0		1		1		1		1		0		"Nguyên Tố Gió"					3		0		0		0		0		0		0		0		1200000		1		1		1		1		1		1		1 
116		-1		0		1		1		1		1		0		"Nguyên Tố Sét"					3		0		0		0		0		0		0		0		1200000		1		1		1		1		1		1		1 
117		-1		0		1		1		1		1		0		"Nguyên Tố Đất"					3		0		0		0		0		0		0		0		1200000		1		1		1		1		1		1		1 
118		-1		0		1		1		1		1		0		"Nguyên Tố Lửa"					4		0		0		0		0		0		0		0		1275000		0		0		0		0		0		0		0 
119		-1		0		1		1		1		1		0		"Nguyên Tố Nước"				4		0		0		0		0		0		0		0		1275000		0		0		0		0		0		0		0 
120		-1		0		1		1		1		1		0		"Nguyên Tố Băng"				4		0		0		0		0		0		0		0		1275000		0		0		0		0		0		0		0 
121		-1		0		1		1		1		1		0		"Nguyên Tố Gió"					4		0		0		0		0		0		0		0		1275000		0		0		0		0		0		0		0 
122		-1		0		1		1		1		1		0		"Nguyên Tố Sét"					4		0		0		0		0		0		0		0		1275000		0		0		0		0		0		0		0 
123		-1		0		1		1		1		1		0		"Nguyên Tố Đất"					4		0		0		0		0		0		0		0		1275000		0		0		0		0		0		0		0 
124		-1		0		1		1		1		1		0		"Nguyên Tố Lửa"					5		0		0		0		0		0		0		0		1350000		0		0		0		0		0		0		0 
125		-1		0		1		1		1		1		0		"Nguyên Tố Nước"				5		0		0		0		0		0		0		0		1350000		0		0		0		0		0		0		0 
126		-1		0		1		1		1		1		0		"Nguyên Tố Băng"				5		0		0		0		0		0		0		0		1350000		0		0		0		0		0		0		0 
127		-1		0		1		1		1		1		0		"Nguyên Tố Gió"					5		0		0		0		0		0		0		0		1350000		0		0		0		0		0		0		0 
128		-1		0		1		1		1		1		0		"Nguyên Tố Sét"					5		0		0		0		0		0		0		0		1350000		0		0		0		0		0		0		0 
129		-1		0		1		1		1		1		0		"Nguyên Tố Đất"					5		0		0		0		0		0		0		0		1350000		0		0		0		0		0		0		0 

130		7		0		2		2		1		1		0		"[Mini]Áo Choàng DL"				1		0		200		1		0		0		0		0		0		0		0		0		0		1		0		0 
131		7		0		3		2		1		1		0		"[Mini]Cánh Vũ Linh"				1		10		200		1		0		0		0		0		0		0		0		0		0		0		1		0 
132		7		0		3		2		1		1		0		"[Mini]Cánh Tiên Nữ"				1		10		200		1		0		0		0		0		0		0		0		1		0		0		0		0 
133		7		0		3		2		1		1		0		"[Mini]Cánh Thiên Đàng"			1		10		200		1		0		0		0		0		0		1		0		0		1		0		0		0 
134		7		0		3		2		1		1		0		"[Mini]Cánh Quỷ"					1		20		200		1		0		0		0		0		0		0		1		0		1		0		0		0 
135		7		0		2		2		1		1		0		"[Mini]Áo Choàng RF"				1		15		200		0		0		0		0		0		0		0		0		0		0		0		0		1 
136		-1		0		1		1		1		1		0		"Cụm Ngọc Sinh Mệnh"			72		0		0		0		0		0		0		0		0		1		1		1		1		1		1		1 
137		-1		0		1		1		1		1		0		"Cụm Ngọc Sáng Tạo"				78		0		0		0		0		0		0		0		0		1		1		1		1		1		1		1 
138		-1		0		1		1		1		1		0		"Cụm Đá Hộ Mệnh"				75		0		0		0		0		0		0		0		0		1		1		1		1		1		1		1 
139		-1		0		1		1		1		1		0		"Cụm Đá Nguyên Thủy"			25		0		0		0		0		0		0		0		0		1		1		1		1		1		1		1 
140		-1		0		1		1		1		1		0		"Cụm Đá Tạo Hóa"				25		0		0		0		0		0		0		0		0		1		1		1		1		1		1		1 
141		-1		0		1		1		1		1		0		"Cụm Ngọc Hỗn Nguyên"			12		0		0		0		0		0		0		0		0		1		1		1		1		1		1		1 
142		-1		0		1		1		1		1		0		"Cụm Đá Tinh Luyện 1"			25		0		0		0		0		0		0		0		0		1		1		1		1		1		1		1 
143		-1		0		1		1		1		1		0		"Cụm Đá Tinh Luyện 2"			25		0		0		0		0		0		0		0		0		1		1		1		1		1		1		1 

150	    7	    0	    3	    3	    1	    1	    0	    "[W2.5]Cánh Hỗn Nguyên"		    150	    45	    210	    290	    0	    0	    0	    0	    0	    0	    2	    0	    1	    0	    0	    0
151	    7	    0	    3	    3	    1	    1	    0	    "[W2.5]Cánh Ma Thuật"		    150	    45	    210	    290	    0	    0	    0	    0	    0	    2	    0	    0	    1	    0	    2	    0
152	    7	    0	    3	    3	    1	    1	    0	    "[W2.5]Cánh Hỏa Thần"		    150	    45	    210	    290	    0	    0	    0	    0	    0	    0	    0	    2	    0	    0	    0	    0
155	    7	    0	    2	    3	    1	    1	    0	    "[W2.5]Áo Choàng Tử Thần"	    150	    45	    210	    290	    0	    0	    0	    0	    0	    0	    0	    0	    0	    1	    0	    1

153	    7	    0	    3	    3	    1	    1	    0	    "[W5]Cánh Chinh Phục"			150	    200	    220	    350	    0	    0	    0	    0	    0	    1	    1	    1	    1	    1	    1	    1
154	    7	    0	    2	    3	    1	    1	    0	    "[W5]Cánh Ác Quỷ"			    150	    200	    220	    350	    0	    0	    0	    0	    0	    1	    1	    1	    1	    1	    1	    1

156	    7	    0	    3	    3	    1	    1	    0	    "[W4]Heavenly Wings DW"			150	    100	    220	    380	    0	    0	    0	    0	    0	    3	    0	    0	    0	    0	    0	    0
157	    7	    0	    4	    3	    1	    1	    0	    "[W4]Avatar Wings DK"			150	    100	    220	    380	    0	    0	    0	    0	    0	    0	    3	    0	    0	    0	    0	    0
158	    7	    0	    4	    3	    1	    1	    0	    "[W4]Orb Wings EF"				150	    100	    220	    380	    0	    0	    0	    0	    0	    0	    0	    3	    0	    0	    0	    0
159	    7	    0	    4	    3	    1	    1	    0	    "[W4]Fall Wings MG"				150	    100	    220	    380	    0	    0	    0	    0	    0	    0	    0	    0	    3	    0	    0	    0
160	    7	    0	    2	    3	    1	    1	    0	    "[W4]Control Cloak DL"			150	    100	    220	    380	    0	    0	    0	    0	    0	    0	    0	    0	    0	    3	    0	    0
161	    7	    0	    4	    3	    1	    1	    0	    "[W4]The Wings SM"				150	    100	    220	    380	    0	    0	    0	    0	    0	    0	    0	    0	    0	    0	    3	    0
162	    7	    0	    2	    3	    1	    1	    0	    "[W4]Referre Cloak RF"			150	    100	    220	    380	    0	    0	    0	    0	    0	    0	    0	    0	    0	    0	    0	    3

200	    7	    0	    4	    3	    1	    1	    0	    "Cánh Hỏa Ngục" 	            150	    45	    220	    300	    0	    0	    0	    0	    0	    1	    1	    1	    1	    1	    1	    1
201	    7	    0	    4	    3	    1	    1	    0	    "Cánh Ngũ Độc" 		            150	    45	    220	    300	    0	    0	    0	    0	    0	    1	    1	    1	    1	    1	    1	    1
202	    7	    0	    4	    3	    1	    1	    0	    "Cánh Mộng Tuyết" 		        150	    45	    220	    300	    0	    0	    0	    0	    0	    1	    1	    1	    1	    1	    1	    1
203	    7	    0	    4	    3	    1	    1	    0	    "Cánh Huyết Tộc" 			    150	    45	    220	    300	    0	    0	    0	    0	    0	    1	    1	    1	    1	    1	    1	    1
204	    7	    0	    4	    3	    1	    1	    0	    "Cánh Vĩnh Hằng" 		        150	    45	    220	    300	    0	    0	    0	    0	    0	    1	    1	    1	    1	    1	    1	    1

end

//Index	Slot	Skill	X	Y	Serial	Option	Drop	Name			level	Dur	Resistance1	Resistance2	Resistance3	Resistance4	Resistance5 Resistance6	Resistance7	SetAttr	DW/SM	DK/BK	ELF/ME	MG	DL SUM	RF
13
0	8	0	1	1	1	1	0	"Thần Hộ Mệnh"				23	255	0	0	0	0	0	0	0	0	1	1	1	1	1	1	1
1	8	0	1	1	1	1	0	"Tiểu Quỷ"					28	255	0	0	0	0	0	0	0	0	1	1	1	1	1	1	1
2	8	0	1	1	1	1	0	"Kỳ Lân"					25	255	0	0	0	0	0	0	0	0	1	1	1	1	1	1	1
3	8	49	1	1	1	1	0	"Quái Điểu"					110	255	0	0	0	0	0	0	0	0	1	1	1	1	1	1	1
4	8	62	1	1	1	1	0	"Chiến Mã"					218	255	0	0	0	0	0	0	0	0	0	0	0	0	1	0	0
5	1	0	1	1	1	1	0	"Quạ Tinh"					0	255	0	0	0	0	0	0	0	0	1	1	1	1	1	0	0
7	-1	0	1	1	1	1	1	"Cuộn Giấy Quỷ"				0	255	0	0	0	0	0	0	0	0	1	1	1	1	1	1	1
8	10	0	1	1	1	1	0	"Nhẫn Băng"					20	50	1	0	0	0	0	0	0	2	1	1	1	1	1	1	1
9	10	0	1	1	1	1	0	"Nhẫn Độc"					17	50	0	1	0	0	0	0	0	4	1	1	1	1	1	1	1
10	10	0	1	1	1	1	0	"Nhẫn Biến Hình"			0	200	0	0	0	0	0	0	0	0	1	1	1	1	1	1	1
11	-1	0	1	1	1	1	0	"Thư Triệu Tập"				0	255	0	0	0	0	0	0	0	0	1	1	1	1	1	1	1
12	9	0	1	1	1	1	0	"Dây Chuyền Sét"			21	50	0	0	1	0	0	0	0	3	1	1	1	1	1	1	1
13	9	0	1	1	1	1	0	"Dây Chuyền Lửa"			13	50	0	0	0	1	0	0	0	1	1	1	1	1	1	1	1
14	-1	0	1	2	1	1	0	"Lông Vũ"					78	0	0	0	0	0	0	0	0	0	1	1	1	1	1	1	1
15	-1	0	1	1	1	1	0	"Bình Nước Phép"			0	0	0	0	0	0	0	0	0	0	1	1	1	1	1	1	1
16	-1	0	1	2	1	1	1	"Thánh Chỉ"					0	128	0	0	0	0	0	0	0	0	1	1	1	1	1	1	1
17	-1	0	1	2	1	1	1	"Nanh Máu"					0	128	0	0	0	0	0	0	0	0	1	1	1	1	1	1	1
18	-1	0	2	2	1	1	0	"Áo Tàng Hình"				0	255	0	0	0	0	0	0	0	0	1	1	1	1	1	1	1
19	-1	0	1	2	1	1	0	"Gậy Thiên Sứ"				0	255	0	0	0	0	0	0	0	0	1	1	1	1	1	1	1
20	10	0	1	1	1	1	0	"Nhẫn Phù Thủy"				0	30	0	0	0	0	0	0	0	0	1	1	1	1	1	1	1
21	10	0	1	1	1	1	0	"Nhẫn Lửa"					30	50	0	0	0	1	0	0	0	3	1	1	1	1	1	1	1
22	10	0	1	1	1	1	0	"Nhẫn Đất"					38	50	0	0	0	0	1	0	0	1	1	1	1	1	1	1	1
23	10	0	1	1	1	1	0	"Nhẫn Gió"					44	50	0	0	0	0	0	1	0	2	1	1	1	1	1	1	1
24	10	0	1	1	1	1	0	"Nhẫn Phép Thuật"			47	50	0	0	0	0	0	0	0	3	1	1	1	1	1	1	1
25	9	0	1	1	1	1	0	"Dây Chuyền Băng"			34	50	1	0	0	0	0	0	0	1	1	1	1	1	1	1	1
26	9	0	1	1	1	1	0	"Dây Chuyền Gió"			42	50	0	0	0	0	0	1	0	2	1	1	1	1	1	1	1
27	9	0	1	1	1	1	0	"Dây Chuyền Nước"			46	50	0	0	0	0	0	0	1	4	1	1	1	1	1	1	1
28	9	0	1	1	1	1	0	"Dây Chuyền Kỹ Năng"		50	50	0	0	0	0	0	0	0	0	1	1	1	1	1	1	1
29	-1	0	2	2	1	1	0	"Giáp Hỗn Nguyên"			0	0	0	0	0	0	0	0	0	0	1	1	1	1	1	1	1
30	7	0	2	3	1	1	0	"[W2]Áo Choàng"					180	200	0	0	0	0	0	0	0	0	0	0	0	0	1	0	0
31	-1	0	1	1	1	1	0	"Linh Hồn Thú Nuôi"			0	0	0	0	0	0	0	0	0	0	0	0	0	0	1	0	0
32	-1	0	1	1	1	1	0	"Mảnh Vỡ Áo Giáp"			0	1	0	0	0	0	0	0	0	0	1	1	1	1	1	1	1
33	-1	0	1	1	1	1	0	"Bảo Hộ Nữ Thần"			0	1	0	0	0	0	0	0	0	0	1	1	1	1	1	1	1
34	-1	0	1	1	1	1	0	"Nanh Sói"					0	1	0	0	0	0	0	0	0	0	1	1	1	1	1	1	1
35	-1	0	1	1	1	1	0	"Mảnh Sừng"					0	1	0	0	0	0	0	0	0	0	1	1	1	1	1	1	1
36	-1	0	2	2	1	1	0	"Sừng Gãy"					0	1	0	0	0	0	0	0	0	0	1	1	1	1	1	1	1
37	8	0	2	2	1	1	0	"Linh Hồn Sói Tinh"			300	255	0	0	0	0	0	0	0	0	2	2	2	1	1	2	1
38	10	0	1	1	1	1	0	"Nhẫn Mặt Trăng"			21	120	0	0	0	0	0	0	0	3	1	1	1	1	1	1	1
39	10	0	1	1	1	1	0	"Nhẫn Quỷ Xương"			10	255	0	0	0	0	0	0	0	0	1	1	1	1	1	1	1
40	10	0	1	1	1	1	0	"Nhẫn Jack"					10	100	0	0	0	0	0	0	0	0	1	1	1	1	1	1	1
41	10	0	1	1	1	1	0	"Nhẫn Giáng Sinh"			1	100	0	0	0	0	0	0	0	0	1	1	1	1	1	1	1
42	10	0	1	1	1	1	0	"Nhẫn GM"					0	255	255	255	255	255	255	255	255	0	1	1	1	1	1	1	1
43	10	0	1	1	1	1	0	"Bùa Tăng EXP"				0	0	0	0	0	0	0	0	0	0	1	1	1	1	1	1	1
44	10	0	1	1	1	1	0	"Bùa Thiên Sứ"				0	0	0	0	0	0	0	0	0	0	1	1	1	1	1	1	1
45	10	0	1	1	1	1	0	"Không Tăng EXP"			0	0	0	0	0	0	0	0	0	0	1	1	1	1	1	1	1
46	-1	0	1	1	1	1	0	"Vé Quảng Trường Quỷ"		0	10	0	0	0	0	0	0	0	0	1	1	1	1	1	1	1
47	-1	0	1	1	1	1	0	"Vé Huyết Lâu"				0	10	0	0	0	0	0	0	0	0	1	1	1	1	1	1	1
48	-1	0	1	1	1	1	0	"Vé Kalima"					0	10	0	0	0	0	0	0	0	0	1	1	1	1	1	1	1
49	-1	0	1	1	1	1	0	"Cuộn Giấy Phép"			0	0	0	0	0	0	0	0	0	0	1	1	1	1	1	1	1
50	-1	0	1	2	1	1	0	"Nước Thánh"				0	0	0	0	0	0	0	0	0	0	1	1	1	1	1	1	1
51	-1	0	2	2	1	1	0	"Vé Bạch Long Điện"			0	1	0	0	0	0	0	0	0	0	1	1	1	1	1	1	1
52	-1	0	1	2	1	1	0	"Linh Hồn Condor"			0	0	0	0	0	0	0	0	0	0	1	1	1	1	1	1	1
53	-1	0	1	2	1	1	0	"Lông Vũ Condor"			0	0	0	0	0	0	0	0	0	0	1	1	1	1	1	1	1
54	-1	0	1	1	1	1	0	"Reset Sức Mạnh"			0	100	0	0	0	0	0	0	0	0	1	1	1	1	1	1	1
55	-1	0	1	1	1	1	0	"Reset Nhanh Nhẹn"			0	100	0	0	0	0	0	0	0	0	1	1	1	1	1	1	1
56	-1	0	1	1	1	1	0	"Reset Thể Lực"				0	100	0	0	0	0	0	0	0	0	1	1	1	1	1	1	1
57	-1	0	1	1	1	1	0	"Reset Năng Lượng"			0	100	0	0	0	0	0	0	0	0	1	1	1	1	1	1	1
58	-1	0	1	1	1	1	0	"Reset Mệnh Lệnh"			0	100	0	0	0	0	0	0	0	0	1	1	1	1	1	1	1
59	-1	0	1	1	1	1	0	"Vé Dịch Chuyển"			0	0	0	0	0	0	0	0	0	0	1	1	1	1	1	1	1
60	-1	0	1	2	1	1	0	"Bùa Xám Hối"				0	0	0	0	0	0	0	0	0	0	1	1	1	1	1	1	1
61	-1	0	1	1	1	1	0	"Vé Bạch Long Điện"			0	10	0	0	0	0	0	0	0	0	1	1	1	1	1	1	1
62	-1	0	1	1	1	1	0	"Bùa Hộ Thân"				0	0	0	0	0	0	0	0	0	0	1	1	1	1	1	1	1
63	-1	0	1	1	1	1	0	"Bùa May Mắn"				0	0	0	0	0	0	0	0	0	0	1	1	1	1	1	1	1
64	8	0	1	1	1	1	0	"Đại Quỷ"					1	255	0	0	0	0	0	0	0	0	1	1	1	1	1	1	1
65	8	0	1	1	1	1	0	"Nữ Thần Bảo Hộ"			1	255	0	0	0	0	0	0	0	0	1	1	1	1	1	1	1
66	-1	0	1	1	1	1	0	"Vé làng Santa"				0	10	0	0	0	0	0	0	0	0	1	1	1	1	1	1	1
67	8	0	1	1	1	1	0	"Tuần Lộc"					28	255	0	0	0	0	0	0	0	0	1	1	1	1	1	1	1
68	10	0	1	1	1	1	0	"Nhẫn Người Tuyết"			10	100	0	0	0	0	0	0	0	0	1	1	1	1	1	1	1
69	-1	0	1	1	1	1	0	"Quả Cầu Hồi Sinh"			0	0	0	0	0	0	0	0	0	0	1	1	1	1	1	1	1
70	-1	0	1	1	1	1	0	"La Bàn Định Vị"			0	2	0	0	0	0	0	0	0	0	1	1	1	1	1	1	1
71	8	0	2	3	1	1	0	"Kiếm / Chùy / Giáo"		0	255	0	0	0	0	0	0	0	0	1	1	1	1	1	1	1
72	8	0	2	3	1	1	0	"Gậy"						0	255	0	0	0	0	0	0	0	0	1	1	1	1	1	1	1
73	8	0	2	3	1	1	0	"Cung Tên / Nỏ"				0	255	0	0	0	0	0	0	0	0	1	1	1	1	1	1	1
74	8	0	2	3	1	1	0	"Quyền Trượng"				0	255	0	0	0	0	0	0	0	0	1	1	1	1	1	1	1
75	8	0	2	3	1	1	0	"Khuyển"					0	255	0	0	0	0	0	0	0	0	1	1	1	1	1	1	1
76	10	0	1	1	1	1	0	"Nhẫn Biến Gấu Trúc"		1	255	0	0	0	0	0	0	0	0	1	1	1	1	1	1	1
80	8	0	1	1	1	1	0	"Gấu Trúc"					1	255	0	0	0	0	0	0	0	0	1	1	1	1	1	1	1
81	-1	0	1	1	1	1	0	"Bùa Bảo Hộ"				0	0	0	0	0	0	0	0	0	0	1	1	1	1	1	1	1
82	-1	0	1	1	1	1	0	"Bùa Bảo Hộ Item"			0	0	0	0	0	0	0	0	0	0	1	1	1	1	1	1	1
83	-1	0	1	1	1	1	0	"Bùa Cánh Quỷ"				0	0	0	0	0	0	0	0	0	0	1	1	1	1	1	1	1
84	-1	0	1	1	1	1	0	"Bùa Cánh Thiên Đàng"		0	0	0	0	0	0	0	0	0	0	1	1	1	1	1	1	1
85	-1	0	1	1	1	1	0	"Bùa Cánh Tiên Nữ"			0	0	0	0	0	0	0	0	0	0	1	1	1	1	1	1	1
86	-1	0	1	1	1	1	0	"Bùa Cánh Vũ Linh"			0	0	0	0	0	0	0	0	0	0	1	1	1	1	1	1	1
87	-1	0	1	1	1	1	0	"Bùa Áo Choáng"				0	0	0	0	0	0	0	0	0	0	1	1	1	1	1	1	1
88	-1	0	1	1	1	1	0	"Bùa Cánh Rồng"				0	0	0	0	0	0	0	0	0	0	1	1	1	1	1	1	1
89	-1	0	1	1	1	1	0	"Bùa Cánh Linh Hồn"			0	0	0	0	0	0	0	0	0	0	1	1	1	1	1	1	1
90	-1	0	1	1	1	1	0	"Bùa Cánh Tinh Thần"		0	0	0	0	0	0	0	0	0	0	1	1	1	1	1	1	1
91	-1	0	1	1	1	1	0	"Bùa Cánh Đại Bàng"			0	0	0	0	0	0	0	0	0	0	1	1	1	1	1	1	1
92	-1	0	1	1	1	1	0	"Bùa Cánh Bóng Đêm"			0	0	0	0	0	0	0	0	0	0	1	1	1	1	1	1	1
93	-1	0	1	1	1	1	0	"Bùa Tăng EXP Master"		0	0	0	0	0	0	0	0	0	0	1	1	1	1	1	1	1
94	-1	0	1	1	1	1	0	"Bùa Thiên Sứ - Master"		0	0	0	0	0	0	0	0	0	0	1	1	1	1	1	1	1
95	-1	0	1	1	1	1	0	"Chiến Binh Danh Dự"		0	255	0	0	0	0	0	0	0	0	1	1	1	1	1	1	1
96	-1	0	1	1	1	1	0	"Sức Mạnh Tensile"			0	0	0	0	0	0	0	0	0	0	1	1	1	1	1	1	1
103	-1	0	1	1	1	1	0	"Kinh Nghiệm Party"			0	0	0	0	0	0	0	0	0	0	1	1	1	1	1	1	1
104	-1	0	1	1	1	1	0	"Tăng Tối Đa AG"			0	0	0	0	0	0	0	0	0	0	1	1	1	1	1	1	1
105	-1	0	1	1	1	1	0	"Tăng Tối Đa SD"			0	0	0	0	0	0	0	0	0	0	1	1	1	1	1	1	1
106	8	0	1	1	1	1	0	"Thần Mã"					28	255	0	0	0	0	0	0	0	0	1	1	1	1	1	1	1
107	10	0	1	1	1	1	0	"Nhẫn Ma Thuật"				0	100	0	0	0	0	0	0	0	0	1	1	1	1	1	1	1
109	10	0	1	1	1	1	0	"Nhẫn Ngọc Bích"			0	0	0	0	0	0	0	0	0	0	1	1	1	1	1	1	1
110	10	0	1	1	1	1	0	"Nhẫn Hồng Ngọc"			0	0	0	0	0	0	0	0	0	0	1	1	1	1	1	1	1
111	10	0	1	1	1	1	0	"Nhẫn Hoàng Ngọc"			0	0	0	0	0	0	0	0	0	0	1	1	1	1	1	1	1
112	10	0	1	1	1	1	0	"Nhẫn Thạch Anh Tím"		0	0	0	0	0	0	0	0	0	0	1	1	1	1	1	1	1
113	9	0	1	1	1	1	0	"Dây Chuyền Hồng Ngọc"		0	0	0	0	0	0	0	0	0	0	1	1	1	1	1	1	1
114	9	0	1	1	1	1	0	"Dây Chuyền Lục Bích"		0	0	0	0	0	0	0	0	0	0	1	1	1	1	1	1	1
115	9	0	1	1	1	1	0	"Dây Chuyền Ngọc Bích"		0	0	0	0	0	0	0	0	0	0	1	1	1	1	1	1	1
116	10	0	1	1	1	1	0	"Seal Of Wealth"			0	0	0	0	0	0	0	0	0	0	1	1	1	1	1	1	1
117	-1	0	1	1	1	1	0	"Bình Mana Nhỏ"				0	0	0	0	0	0	0	0	0	0	1	1	1	1	1	1	1
118	-1	0	1	1	1	1	0	"Bình Máu Nhỏ"				0	0	0	0	0	0	0	0	0	0	1	1	1	1	1	1	1
119	-1	0	1	1	1	1	0	"Bình Mana Vừa"				0	0	0	0	0	0	0	0	0	0	1	1	1	1	1	1	1
120	-1	0	1	1	1	1	0	"Bình Máu Lớn"				0	0	0	0	0	0	0	0	0	0	1	1	1	1	1	1	1
121	-1	0	1	1	1	1	0	"Vé Hỗn Nguyên"				10	10	0	0	0	0	0	0	0	0	1	1	1	1	1	1	1
122	10	0	1	1	1	1	0	"Nhẫn Cốt Rồng"				1	255	0	0	0	0	0	0	0	0	1	1	1	1	1	1	1
123	8	0	1	1	1	1	0	"Cốt Rồng"					1	255	0	0	0	0	0	0	0	0	1	1	1	1	1	1	1
124	-1	0	1	1	1	1	0	"VIP PACK"					0	0	0	0	0	0	0	0	0	0	1	1	1	1	1	1	1
125	-1	0	1	1	1	1	0	"Vé Đăng Nhập Dopple"		10	10	0	0	0	0	0	0	0	0	1	1	1	1	1	1	1
126	-1	0	1	1	1	1	0	"Vé Đăng Nhập Baruka"		0	10	0	0	0	0	0	0	0	0	1	1	1	1	1	1	1
127	-1	0	1	1	1	1	0	"Vé Vào Baruka Tầng 7"		55	3	0	0	0	0	0	0	0	0	1	1	1	1	1	1	1

200	8	0	2   2	1	1	0	"Thú Hỏa Ngục"  	        10	255	0	0	0	0	0	0	0	0	1	1	1	1	1	1	1
201	8	0	2   2	1	1	0	"Thú Ngũ Độc" 	 		    10	255	0	0	0	0	0	0	0	0	1	1	1	1	1	1	1
202	8	0	2   2	1	1	0	"Thú Mộng Tuyết" 	        10	255	0	0	0	0	0	0	0	0	1	1	1	1	1	1	1
203	8	0	2   2	1	1	0	"Thú Huyết Tộc"  		    10	255	0	0	0	0	0	0	0	0	1	1	1	1	1	1	1
204	8	0	2   2	1	1	0	"Thú Vĩnh Hằng"  	        10	255	0	0	0	0	0	0	0	0	1	1	1	1	1	1	1


end

//Index	Slot	Skill	X	Y	Serial	Option	Drop	Name							Value	Level
14
0		-1		0		1		1		1		1		1		"Táo"								5		1 
1		-1		0		1		1		1		1		0		"Bình Máu Nhỏ"						10		10 
2		-1		0		1		1		1		1		0		"Bình Máu"							20		25 
3		-1		0		1		1		1		1		0		"Bình Máu To"						30		40 
4		-1		0		1		1		1		1		0		"Bình Phép Nhỏ"						10		10 
5		-1		0		1		1		1		1		0		"Bình Phép"							20		25 
6		-1		0		1		1		1		1		0		"Bình Phép To"						30		40 
7		-1		0		1		1		1		1		0		"Bình Thuốc"						30		0 
8		-1		0		1		1		1		1		0		"Liều Giải Độc"						10		10 
9		-1		0		1		2		1		1		0		"Rượu"								30		15 
10		-1		0		1		2		1		1		0		"Bùa Về Thành"						30		30 
11		-1		0		1		1		1		1		0		"Hộp May Mắn"						0		0 
12		-1		0		1		1		1		1		0		"Trái Tim Yêu"						0		0 
13		-1		0		1		1		1		1		0		"Ngọc Ước Nguyện"					150		25 
14		-1		0		1		1		1		1		0		"Ngọc Tâm Linh"						150		30 
15		-1		0		1		1		1		1		0		"Zen"								0		0 
16		-1		0		1		1		1		1		0		"Ngọc Sinh Mệnh"					0		72 
17		-1		0		1		1		1		1		0		"Con Mắt Quỷ"						0		1 
18		-1		0		1		1		1		1		0		"Chìa Khóa Quỷ"						0		1 
19		-1		0		1		1		1		1		0		"Bức Thư Quỷ"						0		0 
20		-1		0		1		1		1		1		0		"Rượu Tình"							0		0 
21		-1		0		1		1		1		1		0		"Huy Hiệu Rena"						0		0 
22		-1		0		1		1		1		1		0		"Ngọc Sáng Tạo"						0		78 
23		-1		0		1		1		1		1		0		"Sách Đế Vương"						0		0 
24		-1		0		1		2		1		1		0		"Thanh Gươm Gẫy"					0		0 
25		-1		0		1		1		1		1		0		"Nước Mắt Tiên Nữ"					0		0 
26		-1		0		1		1		1		1		0		"Linh Hồn Phù Thủy"					0		0 
28		-1		0		1		1		1		1		0		"Bản Đồ Kalima"						0		0 
29		-1		0		1		1		1		1		0		"Huy Hiệu Kundun"					0		0 
31		-1		0		1		1		1		1		0		"Đá Hộ Mệnh"						75		0 

32		-1		0		1		1		1		1		0		"Hộp Socola Hồng"					0		0 
33		-1		0		1		1		1		1		0		"Hộp Socola Đỏ"						0		0 

35		-1		0		1		1		1		1		0		"Bình SD Nhỏ"						50		0 
36		-1		0		1		1		1		1		0		"Bình SD Vừa"						80		0 
37		-1		0		1		1		1		1		0		"Bình SD Lớn"						100		0 
38		-1		0		1		1		1		1		0		"Bình Thuốc Nhỏ"					20		68 
39		-1		0		1		1		1		1		0		"Bình Thuốc Vừa"					40		96 
40		-1		0		1		1		1		1		0		"Bình Thuốc Lớn"					60		118 
41		-1		0		1		1		1		1		0		"Đá Nguyên Thủy"					150		25 
42		-1		0		1		1		1		1		0		"Đá Tạo Hóa"						150		25 
43		-1		0		1		1		1		1		0		"Đá Tinh Luyện Sơ"					150		25 
44		-1		0		1		1		1		1		0		"Đá Tinh Luyện Cao"					150		25 
45		-1		0		1		1		1		1		0		"Jack O Lantern"					0		1 
51		-1		0		1		1		1		1		0		"Pháo Hoa Ngôi Sao"					0		0 
52		-1		0		1		1		1		1		0		"Quà GM"							0		0 
53		-1		0		1		1		1		1		0		"Bùa may mắn"						0		0 

54		-1		0		1		1		1		1		0		"Thẻ Bài Chaos"						0		0 
55		-1		0		1		1		1		1		0		"Hộp Chaos Xanh"				    0		0 
56		-1		0		1		1		1		1		0		"Hộp Chaos Đỏ"				        0		0 
57		-1		0		1		1		1		1		0		"Hộp Chaos Tím"		     	        0		0 

64		-1		0		1		1		1		1		0		"Long Châu"							0		0 
65		-1		0		1		1		1		1		0		"Trái Tim Dơi Lửa"					0		0 
66		-1		0		1		2		1		1		0		"Sừng Quỷ Vương"					0		0 
67		-1		0		1		2		1		1		0		"Lông Phượng Hoàng Lửa"				0		0 
68		-1		0		1		2		1		1		0		"Con Mắt Abyss"						0		0 
70		-1		0		1		1		1		1		0		"Bình HP Cao Cấp"					0		0 
71		-1		0		1		1		1		1		0		"Bình Mana Cao Cấp"					0		0 
72		-1		0		1		1		1		1		0		"Bùa Tốc Độ Tấn Công"				0		0 
73		-1		0		1		1		1		1		0		"Bùa Phòng Thủ"						0		0 
74		-1		0		1		1		1		1		0		"Bùa Tăng Sát Thương"				0		0 
75		-1		0		1		1		1		1		0		"Bùa Tăng Ma Thuật"					0		0 
76		-1		0		1		1		1		1		0		"Bùa Tăng HP"						0		0 
77		-1		0		1		1		1		1		0		"Bùa Tăng Mana"						0		0 
96		-1		0		1		1		1		1		0		"Bùa Kết Hợp Chaos"					0		0 
97		-1		0		1		1		1		1		0		"Bùa Tăng Chí Mạng"					0		0 
98		-1		0		1		1		1		1		0		"Bùa Tăng Tấn Công"					0		0 
99		-1		0		1		1		1		1		0		"Pháo Hoa Noel"						0		0 
100		-1		0		1		1		1		1		0		"Đồng Xu May Mắn"					0		0 
101		-1		0		1		1		1		1		0		"Lời Chú Giải"						0		32 
102		-1		0		1		1		1		1		0		"Mệnh Lệnh Của Gaion"				0		0 
103		-1		0		1		1		1		1		0		"Mẩu Sekeromikon 1"					0		0 
104		-1		0		1		1		1		1		0		"Mẩu Sekeromikon 2"					0		0 
105		-1		0		1		1		1		1		0		"Mẩu Sekeromikon 3"					0		0 
106		-1		0		1		1		1		1		0		"Mẩu Sekeromikon 4"					0		0 
107		-1		0		1		1		1		1		0		"Mẩu Sekeromikon 5"					0		0 
108		-1		0		1		1		1		1		0		"Mẩu Sekeromikon 6"					0		0 
109		-1		0		1		1		1		1		0		"Hoàn Thành Sekeromikon"			0		0 
110		-1		0		1		1		1		1		0		"Biểu Tượng Dopple"					0		32 
111		-1		0		1		1		1		1		0		"Vé Tham Gia Dopple"				0		0 
112		-1		0		1		1		1		1		0		"Chìa Khóa Bạc"						0		0 
113		-1		0		1		1		1		1		0		"Chìa Khóa Vàng"					0		0 
114		-1		0		1		1		1		1		0		"Reset Kỹ Năng Master"				0		0 
115		-1		0		1		1		1		1		0		"Điều Chỉnh Chỉ Số"					0		0

121      *      0       1       1       1       0       0       "Hộp Vàng Khóa"                  	0       0
122      *      0       1       1       1       0       0       "Hộp Bạc Khóa"                  	0       0
123      *      0       1       1       1       0       0       "Hộp Vàng"                         	0       0
124      *      0       1       1       1       0       0       "Hộp Bạc"                         	0       0
 
150		-1		0		1		1		1		1		0		"Vé VQMM"							0		0 
162		0		0		1		1		1		1		0		"Mở Rộng Túi Đồ"					0		0 
163		0		0		1		1		1		1		0		"Mở Rộng Thùng Đồ"					0		0 
173		0		0		1		2		1		1		0		"Trứng Muun"						0		0
176		0		0		1		1		1		1		0		"Xương Thần Chết"					0		0 
177		0		0		1		1		1		1		0		"Da Quỷ Vương"						0		0 
178		0		0		1		1		1		1		0		"Lông Vũ Phượng Hoàng"				0		0 
179		0		0		1		1		1		1		0		"Linh Hồn Dơi Lửa"					0		0 

216	    0	    0	    1	    1	    1	    1	    0	    "Đá Nâng Cấp[Vũ Khí]"		        0	    0
217	    0	    0	    1	    1	    1	    1	    0	    "Đá Nâng Cấp[Trang Bị]"		        0	    0
218	    0	    0	    1	    1	    1	    1	    0	    "Đá Nâng Cấp[Wing]"			        0	    0

231		0		0		1		1		1		1		0		"Rương Nhân Phẩm 1"			        0		0 
232		0		0		1		1		1		1		0		"Rương Nhân Phẩm 2"	                0		0 
233		0		0		1		1		1		1		0		"Rương Nhân Phẩm 3"				    0		0 
234		0		0		1		1		1		1		0		"Rương Nhân Phẩm 4"				    0		0 
235		0		0		1		1		1		1		0		"Rương Nhân Phẩm 5"				    0		0 

244		0		0		1		1		1		1		0		"Ngọc Cấp Độ"						0		0 
245		0		0		1		1		1		1		0		"Ngọc Tuyệt Chiêu"					0		0 
246		0		0		1		1		1		1		0		"Ngọc May Mắn"						0		0 
247		0		0		1		1		1		1		0		"Ngọc Tính Năng"					0		0 
248		0		0		1		1		1		1		0		"Ngọc Hoàn Hảo"						0		0 
249		0		0		1		1		1		1		0		"Ngọc Socket"						0		0 
250		0		0		1		1		1		1		0		"Ngọc Thần Loại 1"					0		0 
251		0		0		1		1		1		1		0		"Ngọc Thần Loại 2"					0		0 
252		0		0		1		1		1		1		0		"Ngọc Full"							0		0 

253		-1		0		1		1		1		1		0		"Item 5k Coin"						0		0
254		-1		0		1		1		1		1		0		"Item 10k Coin"						0		0
255		-1		0		1		1		1		1		0		"Item 20k Coin"						0		0
256		-1		0		1		1		1		1		0		"Item 50k Coin"						0		0
257		-1		0		1		1		1		1		0		"Item 100k Coin"					0		0
258		-1		0		1		1		1		1		0		"Item 200k Coin"					0		0

260		-1		0		1		1		1		1		0		"Sách Gọi Kundun"					0		0
261		-1		0		1		1		1		1		0		"Sách Gọi Medusa"					0		0
262		-1		0		1		1		1		1		0		"Sách Gọi Selupan"					0		0
263		-1		0		1		1		1		1		0		"Sách Gọi Erohim"					0		0
264		-1		0		1		1		1		1		0		"Sách Gọi Quỷ Vương Gold"			0		0
265		-1		0		1		1		1		1		0		"Sách Gọi KunDun Gold"				0		0
266		-1		0		1		1		1		1		0		"Sách Gọi Selupan Gold"				0		0
267		-1		0		1		1		1		1		0		"Sách Gọi Medusa Gold"				0		0
end

//Index	Slot	Skill	X		Y		Serial	Option	Drop	Name							level	ReqLvl	ReqEne	BuyMoney	DW/SM	DK/BK	ELF/ME	MG	DL SUM	RF
15
0		-1		0		1		2		1		1		1		"Sách Phóng Độc"				30		0		100		17000		1		0		0		1		0		0		0 
1		-1		0		1		2		1		1		1		"Sách Thiên Thạch"				21		0		100		11000		1		0		0		1		0		1		0 
2		-1		0		1		2		1		1		1		"Sách Phóng Sét"				13		0		100		3000		1		0		0		1		0		0		0 
3		-1		0		1		2		1		1		1		"Sách Quả Cầu Lửa"				5		0		100		300			1		0		0		1		0		1		0 
4		-1		0		1		2		1		1		1		"Sách Cột Lửa"					35		0		100		21000		1		0		0		1		0		0		0 
5		-1		0		1		2		1		1		1		"Di Chuyển Tức Thời"			17		0		100		5000		1		0		0		0		0		0		0 
6		-1		0		1		2		1		1		1		"Sách Đóng Băng"				25		0		100		14000		1		0		0		1		0		1		0 
7		-1		0		1		2		1		1		1		"Sách Lốc Xoáy"					40		0		100		25000		1		0		0		1		0		0		0 
8		-1		0		1		2		1		1		1		"Triệu Tập Linh Hồn"			50		0		100		35000		1		0		0		1		0		0		0 
9		-1		0		1		2		1		1		1		"Sách Lửa Địa Ngục"				60		0		100		60000		1		0		0		1		0		0		0 
10		-1		0		1		2		1		1		1		"Sách Sóng Âm"					9		0		100		1150		1		0		0		1		0		1		0 
11		-1		0		1		2		1		1		1		"Sách Luồng Nước Xanh"			74		0		110		100000		1		0		0		1		0		0		0 
12		-1		0		1		2		1		1		1		"Sách Sao Băng"					80		0		150		175000		1		0		0		1		0		0		0 
13		-1		0		1		2		1		1		1		"Sách Vòng Tròn Lửa"			88		0		200		265000		1		0		0		1		0		0		0 
14		-1		0		1		2		1		1		1		"Di Chuyển Nhân Vật"			83		0		188		245000		2		0		0		0		0		0		0 
15		-1		0		1		2		1		1		1		"Vòng Tròn Năng Lượng"			77		0		126		135000		1		0		0		0		0		0		0 
16		-1		0		1		2		1		1		1		"Sách Mưa Độc Tố"				96		0		243		345000		2		0		0		0		0		0		0 
17		-1		0		1		2		1		1		1		"Sách Mưa Băng Tuyết"			1		0		223		315000		2		0		0		0		0		0		0 
18		-1		0		1		2		1		1		1		"Sách Nova"						100		0		258		410000		2		0		0		0		0		0		0 
19		-1		0		1		2		1		1		1		"Sách Lôi Điện"					75		0		75		175000		0		0		0		0		0		1		0 
20		-1		0		1		2		1		1		1		"Sách Hút Máu"					35		0		93		100000		0		0		0		0		0		1		0 
21		-1		0		1		2		1		1		1		"Sách Shock Điện"				93		0		216		315000		0		0		0		0		0		1		0 
22		-1		0		1		2		1		1		1		"Sách Phản Hồi"					80		0		111		245000		0		0		0		0		0		1		0 
23		-1		0		1		2		1		1		1		"Sách Hộ Công"					83		0		181		265000		0		0		0		0		0		1		0 
24		-1		0		1		2		1		1		1		"Sách Ru Ngủ"					40		0		100		135000		0		0		0		0		0		1		0 
25		-1		0		1		2		1		1		1		"Sách Tăng Ma Thuật"			60		0		100		100000		0		0		0		0		0		1		0 
26		-1		0		1		2		1		1		1		"Sách Giảm Sức Đánh"			93		0		173		410000		0		0		0		0		0		2		0 
27		-1		0		1		2		1		1		1		"Sách Giảm Phòng Thủ"			111		0		201		450000		0		0		0		0		0		2		0 
28		-1		0		1		2		1		1		1		"Sách Tăng Ma Lực"				100		220		118		425000		2		0		0		0		0		0		0 
29		-1		0		1		2		1		1		1		"Bão Ánh Sáng"					100		220		118		380000		0		0		0		1		0		0		0 
30		-1		0		1		2		1		1		1		"Sách Vật Ngã"					70		150		0		100000		0		0		0		0		0		0		1 
31		-1		0		1		2		1		1		1		"Sách Ảo Ảnh Liên Hoàn"			80		180		0		175000		0		0		0		0		0		0		1 
32		-1		0		1		2		1		1		1		"Sách Gầm Thét"					70		150		0		100000		0		0		0		0		0		0		1 
33		-1		0		1		2		1		1		1		"Sách Hơi Thở Rồng"				90		200		0		265000		0		0		0		0		0		0		1 
34		-1		0		1		2		1		1		1		"Sách Xuyên Thấu"				80		120		80		175000		0		0		0		0		0		0		1 
35		-1		0		1		2		1		1		1		"Sách Tăng Thể Lực"				50		80		35		35000		0		0		0		0		0		0		1 
36		-1		0		1		2		1		1		1		"Sách Hộ Thân"					40		50		30		25000		0		0		0		0		0		0		1 
end

